cycle	pattern	win index	neigh_size	avg_dist_per_pattern
------------------------------------------------------
0	0	1		1		100.000000
0	1	1		1		100.000000
0	2	1		1		100.000000
0	3	1		1		100.000000
1	4	1		1		0.732782
1	5	1		1		0.732782
1	6	1		1		0.732782
1	7	1		1		0.732782
2	8	1		1		0.334659
2	9	1		1		0.334659
2	10	1		1		0.334659
2	11	1		1		0.334659
3	12	1		1		0.314688
3	13	1		0		0.314688
3	14	0		0		0.314688
3	15	1		0		0.314688
4	16	1		0		0.267048
4	17	1		0		0.267048
4	18	0		0		0.267048
4	19	1		0		0.267048
5	20	1		0		0.192216
5	21	1		0		0.192216
5	22	0		0		0.192216
5	23	1		0		0.192216
6	24	1		0		0.180928
6	25	1		0		0.180928
6	26	0		0		0.180928
6	27	1		0		0.180928
7	28	1		0		0.171474
7	29	1		0		0.171474
7	30	0		0		0.171474
7	31	1		0		0.171474
8	32	1		0		0.161521
8	33	1		0		0.161521
8	34	0		0		0.161521
8	35	1		0		0.161521
9	36	1		0		0.161521
9	37	1		0		0.161521
9	38	0		0		0.161521
9	39	1		0		0.161521
10	40	1		0		0.161521
10	41	1		0		0.161521
10	42	0		0		0.161521
10	43	1		0		0.161521
11	44	1		0		0.161521
11	45	1		0		0.161521
11	46	0		0		0.161521
11	47	1		0		0.161521
12	48	1		0		0.161521
12	49	1		0		0.161521
12	50	0		0		0.161521
12	51	1		0		0.161521
13	52	1		0		0.161521
13	53	1		0		0.161521
13	54	0		0		0.161521
13	55	1		0		0.161521
14	56	1		0		0.161521
14	57	1		0		0.161521
14	58	0		0		0.161521
14	59	1		0		0.161521
15	60	1		0		0.161521
15	61	1		0		0.161521
15	62	0		0		0.161521
15	63	1		0		0.161521
16	64	1		0		0.161521
16	65	1		0		0.161521
16	66	0		0		0.161521
16	67	1		0		0.161521
17	68	1		0		0.161521
17	69	1		0		0.161521
17	70	0		0		0.161521
17	71	1		0		0.161521
18	72	1		0		0.161521
18	73	1		0		0.161521
18	74	0		0		0.161521
18	75	1		0		0.161521
19	76	1		0		0.161521
19	77	1		0		0.161521
19	78	0		0		0.161521
19	79	1		0		0.161521
20	80	1		0		0.161521
20	81	1		0		0.161521
20	82	0		0		0.161521
20	83	1		0		0.161521
21	84	1		0		0.161521
21	85	1		0		0.161521
21	86	0		0		0.161521
21	87	1		0		0.161521
22	88	1		0		0.161521
22	89	1		0		0.161521
22	90	0		0		0.161521
22	91	1		0		0.161521
23	92	1		0		0.161521
23	93	1		0		0.161521
23	94	0		0		0.161521
23	95	1		0		0.161521
24	96	1		0		0.161521
24	97	1		0		0.161521
24	98	0		0		0.161521
24	99	1		0		0.161521
25	100	1		0		0.161521
25	101	1		0		0.161521
25	102	0		0		0.161521
25	103	1		0		0.161521
26	104	1		0		0.161521
26	105	1		0		0.161521
26	106	0		0		0.161521
26	107	1		0		0.161521
27	108	1		0		0.161521
27	109	1		0		0.161521
27	110	0		0		0.161521
27	111	1		0		0.161521
28	112	1		0		0.161521
28	113	1		0		0.161521
28	114	0		0		0.161521
28	115	1		0		0.161521
29	116	1		0		0.161521
29	117	1		0		0.161521
29	118	0		0		0.161521
29	119	1		0		0.161521
30	120	1		0		0.161521
30	121	1		0		0.161521
30	122	0		0		0.161521
30	123	1		0		0.161521
31	124	1		0		0.161521
31	125	1		0		0.161521
31	126	0		0		0.161521
31	127	1		0		0.161521
32	128	1		0		0.161521
32	129	1		0		0.161521
32	130	0		0		0.161521
32	131	1		0		0.161521
33	132	1		0		0.161521
33	133	1		0		0.161521
33	134	0		0		0.161521
33	135	1		0		0.161521
34	136	1		0		0.161521
34	137	1		0		0.161521
34	138	0		0		0.161521
34	139	1		0		0.161521
35	140	1		0		0.161521
35	141	1		0		0.161521
35	142	0		0		0.161521
35	143	1		0		0.161521
36	144	1		0		0.161521
36	145	1		0		0.161521
36	146	0		0		0.161521
36	147	1		0		0.161521
37	148	1		0		0.161521
37	149	1		0		0.161521
37	150	0		0		0.161521
37	151	1		0		0.161521
38	152	1		0		0.161521
38	153	1		0		0.161521
38	154	0		0		0.161521
38	155	1		0		0.161521
39	156	1		0		0.161521
39	157	1		0		0.161521
39	158	0		0		0.161521
39	159	1		0		0.161521
40	160	1		0		0.161521
40	161	1		0		0.161521
40	162	0		0		0.161521
40	163	1		0		0.161521
41	164	1		0		0.161521
41	165	1		0		0.161521
41	166	0		0		0.161521
41	167	1		0		0.161521
42	168	1		0		0.161521
42	169	1		0		0.161521
42	170	0		0		0.161521
42	171	1		0		0.161521
43	172	1		0		0.161521
43	173	1		0		0.161521
43	174	0		0		0.161521
43	175	1		0		0.161521
44	176	1		0		0.161521
44	177	1		0		0.161521
44	178	0		0		0.161521
44	179	1		0		0.161521
45	180	1		0		0.161521
45	181	1		0		0.161521
45	182	0		0		0.161521
45	183	1		0		0.161521
46	184	1		0		0.161521
46	185	1		0		0.161521
46	186	0		0		0.161521
46	187	1		0		0.161521
47	188	1		0		0.161521
47	189	1		0		0.161521
47	190	0		0		0.161521
47	191	1		0		0.161521
48	192	1		0		0.161521
48	193	1		0		0.161521
48	194	0		0		0.161521
48	195	1		0		0.161521
49	196	1		0		0.161521
49	197	1		0		0.161521
49	198	0		0		0.161521
49	199	1		0		0.161521
50	200	1		0		0.161521
50	201	1		0		0.161521
50	202	0		0		0.161521
50	203	1		0		0.161521
51	204	1		0		0.161521
51	205	1		0		0.161521
51	206	0		0		0.161521
51	207	1		0		0.161521
52	208	1		0		0.161521
52	209	1		0		0.161521
52	210	0		0		0.161521
52	211	1		0		0.161521
53	212	1		0		0.161521
53	213	1		0		0.161521
53	214	0		0		0.161521
53	215	1		0		0.161521
54	216	1		0		0.161521
54	217	1		0		0.161521
54	218	0		0		0.161521
54	219	1		0		0.161521
55	220	1		0		0.161521
55	221	1		0		0.161521
55	222	0		0		0.161521
55	223	1		0		0.161521
56	224	1		0		0.161521
56	225	1		0		0.161521
56	226	0		0		0.161521
56	227	1		0		0.161521
57	228	1		0		0.161521
57	229	1		0		0.161521
57	230	0		0		0.161521
57	231	1		0		0.161521
58	232	1		0		0.161521
58	233	1		0		0.161521
58	234	0		0		0.161521
58	235	1		0		0.161521
59	236	1		0		0.161521
59	237	1		0		0.161521
59	238	0		0		0.161521
59	239	1		0		0.161521
60	240	1		0		0.161521
60	241	1		0		0.161521
60	242	0		0		0.161521
60	243	1		0		0.161521
61	244	1		0		0.161521
61	245	1		0		0.161521
61	246	0		0		0.161521
61	247	1		0		0.161521
62	248	1		0		0.161521
62	249	1		0		0.161521
62	250	0		0		0.161521
62	251	1		0		0.161521
63	252	1		0		0.161521
63	253	1		0		0.161521
63	254	0		0		0.161521
63	255	1		0		0.161521
64	256	1		0		0.161521
64	257	1		0		0.161521
64	258	0		0		0.161521
64	259	1		0		0.161521
65	260	1		0		0.161521
65	261	1		0		0.161521
65	262	0		0		0.161521
65	263	1		0		0.161521
66	264	1		0		0.161521
66	265	1		0		0.161521
66	266	0		0		0.161521
66	267	1		0		0.161521
67	268	1		0		0.161521
67	269	1		0		0.161521
67	270	0		0		0.161521
67	271	1		0		0.161521
68	272	1		0		0.161521
68	273	1		0		0.161521
68	274	0		0		0.161521
68	275	1		0		0.161521
69	276	1		0		0.161521
69	277	1		0		0.161521
69	278	0		0		0.161521
69	279	1		0		0.161521
70	280	1		0		0.161521
70	281	1		0		0.161521
70	282	0		0		0.161521
70	283	1		0		0.161521
71	284	1		0		0.161521
71	285	1		0		0.161521
71	286	0		0		0.161521
71	287	1		0		0.161521
72	288	1		0		0.161521
72	289	1		0		0.161521
72	290	0		0		0.161521
72	291	1		0		0.161521
73	292	1		0		0.161521
73	293	1		0		0.161521
73	294	0		0		0.161521
73	295	1		0		0.161521
74	296	1		0		0.161521
74	297	1		0		0.161521
74	298	0		0		0.161521
74	299	1		0		0.161521
75	300	1		0		0.161521
75	301	1		0		0.161521
75	302	0		0		0.161521
75	303	1		0		0.161521
76	304	1		0		0.161521
76	305	1		0		0.161521
76	306	0		0		0.161521
76	307	1		0		0.161521
77	308	1		0		0.161521
77	309	1		0		0.161521
77	310	0		0		0.161521
77	311	1		0		0.161521
78	312	1		0		0.161521
78	313	1		0		0.161521
78	314	0		0		0.161521
78	315	1		0		0.161521
79	316	1		0		0.161521
79	317	1		0		0.161521
79	318	0		0		0.161521
79	319	1		0		0.161521
80	320	1		0		0.161521
80	321	1		0		0.161521
80	322	0		0		0.161521
80	323	1		0		0.161521
81	324	1		0		0.161521
81	325	1		0		0.161521
81	326	0		0		0.161521
81	327	1		0		0.161521
82	328	1		0		0.161521
82	329	1		0		0.161521
82	330	0		0		0.161521
82	331	1		0		0.161521
83	332	1		0		0.161521
83	333	1		0		0.161521
83	334	0		0		0.161521
83	335	1		0		0.161521
84	336	1		0		0.161521
84	337	1		0		0.161521
84	338	0		0		0.161521
84	339	1		0		0.161521
85	340	1		0		0.161521
85	341	1		0		0.161521
85	342	0		0		0.161521
85	343	1		0		0.161521
86	344	1		0		0.161521
86	345	1		0		0.161521
86	346	0		0		0.161521
86	347	1		0		0.161521
87	348	1		0		0.161521
87	349	1		0		0.161521
87	350	0		0		0.161521
87	351	1		0		0.161521
88	352	1		0		0.161521
88	353	1		0		0.161521
88	354	0		0		0.161521
88	355	1		0		0.161521
89	356	1		0		0.161521
89	357	1		0		0.161521
89	358	0		0		0.161521
89	359	1		0		0.161521
90	360	1		0		0.161521
90	361	1		0		0.161521
90	362	0		0		0.161521
90	363	1		0		0.161521
91	364	1		0		0.161521
91	365	1		0		0.161521
91	366	0		0		0.161521
91	367	1		0		0.161521
92	368	1		0		0.161521
92	369	1		0		0.161521
92	370	0		0		0.161521
92	371	1		0		0.161521
93	372	1		0		0.161521
93	373	1		0		0.161521
93	374	0		0		0.161521
93	375	1		0		0.161521
94	376	1		0		0.161521
94	377	1		0		0.161521
94	378	0		0		0.161521
94	379	1		0		0.161521
95	380	1		0		0.161521
95	381	1		0		0.161521
95	382	0		0		0.161521
95	383	1		0		0.161521
96	384	1		0		0.161521
96	385	1		0		0.161521
96	386	0		0		0.161521
96	387	1		0		0.161521
97	388	1		0		0.161521
97	389	1		0		0.161521
97	390	0		0		0.161521
97	391	1		0		0.161521
98	392	1		0		0.161521
98	393	1		0		0.161521
98	394	0		0		0.161521
98	395	1		0		0.161521
99	396	1		0		0.161521
99	397	1		0		0.161521
99	398	0		0		0.161521
99	399	1		0		0.161521
100	400	1		0		0.161521
100	401	1		0		0.161521
100	402	0		0		0.161521
100	403	1		0		0.161521
101	404	1		0		0.161521
101	405	1		0		0.161521
101	406	0		0		0.161521
101	407	1		0		0.161521
102	408	1		0		0.161521
102	409	1		0		0.161521
102	410	0		0		0.161521
102	411	1		0		0.161521
103	412	1		0		0.161521
103	413	1		0		0.161521
103	414	0		0		0.161521
103	415	1		0		0.161521
104	416	1		0		0.161521
104	417	1		0		0.161521
104	418	0		0		0.161521
104	419	1		0		0.161521
105	420	1		0		0.161521
105	421	1		0		0.161521
105	422	0		0		0.161521
105	423	1		0		0.161521
106	424	1		0		0.161521
106	425	1		0		0.161521
106	426	0		0		0.161521
106	427	1		0		0.161521
107	428	1		0		0.161521
107	429	1		0		0.161521
107	430	0		0		0.161521
107	431	1		0		0.161521
108	432	1		0		0.161521
108	433	1		0		0.161521
108	434	0		0		0.161521
108	435	1		0		0.161521
109	436	1		0		0.161521
109	437	1		0		0.161521
109	438	0		0		0.161521
109	439	1		0		0.161521
110	440	1		0		0.161521
110	441	1		0		0.161521
110	442	0		0		0.161521
110	443	1		0		0.161521
111	444	1		0		0.161521
111	445	1		0		0.161521
111	446	0		0		0.161521
111	447	1		0		0.161521
112	448	1		0		0.161521
112	449	1		0		0.161521
112	450	0		0		0.161521
112	451	1		0		0.161521
113	452	1		0		0.161521
113	453	1		0		0.161521
113	454	0		0		0.161521
113	455	1		0		0.161521
114	456	1		0		0.161521
114	457	1		0		0.161521
114	458	0		0		0.161521
114	459	1		0		0.161521
115	460	1		0		0.161521
115	461	1		0		0.161521
115	462	0		0		0.161521
115	463	1		0		0.161521
116	464	1		0		0.161521
116	465	1		0		0.161521
116	466	0		0		0.161521
116	467	1		0		0.161521
117	468	1		0		0.161521
117	469	1		0		0.161521
117	470	0		0		0.161521
117	471	1		0		0.161521
118	472	1		0		0.161521
118	473	1		0		0.161521
118	474	0		0		0.161521
118	475	1		0		0.161521
119	476	1		0		0.161521
119	477	1		0		0.161521
119	478	0		0		0.161521
119	479	1		0		0.161521
120	480	1		0		0.161521
120	481	1		0		0.161521
120	482	0		0		0.161521
120	483	1		0		0.161521
121	484	1		0		0.161521
121	485	1		0		0.161521
121	486	0		0		0.161521
121	487	1		0		0.161521
122	488	1		0		0.161521
122	489	1		0		0.161521
122	490	0		0		0.161521
122	491	1		0		0.161521
123	492	1		0		0.161521
123	493	1		0		0.161521
123	494	0		0		0.161521
123	495	1		0		0.161521
124	496	1		0		0.161521
124	497	1		0		0.161521
124	498	0		0		0.161521
124	499	1		0		0.161521
125	500	1		0		0.161521
125	501	1		0		0.161521
125	502	0		0		0.161521
125	503	1		0		0.161521
126	504	1		0		0.161521
126	505	1		0		0.161521
126	506	0		0		0.161521
126	507	1		0		0.161521
127	508	1		0		0.161521
127	509	1		0		0.161521
127	510	0		0		0.161521
127	511	1		0		0.161521
128	512	1		0		0.161521
128	513	1		0		0.161521
128	514	0		0		0.161521
128	515	1		0		0.161521
129	516	1		0		0.161521
129	517	1		0		0.161521
129	518	0		0		0.161521
129	519	1		0		0.161521
130	520	1		0		0.161521
130	521	1		0		0.161521
130	522	0		0		0.161521
130	523	1		0		0.161521
131	524	1		0		0.161521
131	525	1		0		0.161521
131	526	0		0		0.161521
131	527	1		0		0.161521
132	528	1		0		0.161521
132	529	1		0		0.161521
132	530	0		0		0.161521
132	531	1		0		0.161521
133	532	1		0		0.161521
133	533	1		0		0.161521
133	534	0		0		0.161521
133	535	1		0		0.161521
134	536	1		0		0.161521
134	537	1		0		0.161521
134	538	0		0		0.161521
134	539	1		0		0.161521
135	540	1		0		0.161521
135	541	1		0		0.161521
135	542	0		0		0.161521
135	543	1		0		0.161521
136	544	1		0		0.161521
136	545	1		0		0.161521
136	546	0		0		0.161521
136	547	1		0		0.161521
137	548	1		0		0.161521
137	549	1		0		0.161521
137	550	0		0		0.161521
137	551	1		0		0.161521
138	552	1		0		0.161521
138	553	1		0		0.161521
138	554	0		0		0.161521
138	555	1		0		0.161521
139	556	1		0		0.161521
139	557	1		0		0.161521
139	558	0		0		0.161521
139	559	1		0		0.161521
140	560	1		0		0.161521
140	561	1		0		0.161521
140	562	0		0		0.161521
140	563	1		0		0.161521
141	564	1		0		0.161521
141	565	1		0		0.161521
141	566	0		0		0.161521
141	567	1		0		0.161521
142	568	1		0		0.161521
142	569	1		0		0.161521
142	570	0		0		0.161521
142	571	1		0		0.161521
143	572	1		0		0.161521
143	573	1		0		0.161521
143	574	0		0		0.161521
143	575	1		0		0.161521
144	576	1		0		0.161521
144	577	1		0		0.161521
144	578	0		0		0.161521
144	579	1		0		0.161521
145	580	1		0		0.161521
145	581	1		0		0.161521
145	582	0		0		0.161521
145	583	1		0		0.161521
146	584	1		0		0.161521
146	585	1		0		0.161521
146	586	0		0		0.161521
146	587	1		0		0.161521
147	588	1		0		0.161521
147	589	1		0		0.161521
147	590	0		0		0.161521
147	591	1		0		0.161521
148	592	1		0		0.161521
148	593	1		0		0.161521
148	594	0		0		0.161521
148	595	1		0		0.161521
149	596	1		0		0.161521
149	597	1		0		0.161521
149	598	0		0		0.161521
149	599	1		0		0.161521
150	600	1		0		0.161521
150	601	1		0		0.161521
150	602	0		0		0.161521
150	603	1		0		0.161521
151	604	1		0		0.161521
151	605	1		0		0.161521
151	606	0		0		0.161521
151	607	1		0		0.161521
152	608	1		0		0.161521
152	609	1		0		0.161521
152	610	0		0		0.161521
152	611	1		0		0.161521
153	612	1		0		0.161521
153	613	1		0		0.161521
153	614	0		0		0.161521
153	615	1		0		0.161521
154	616	1		0		0.161521
154	617	1		0		0.161521
154	618	0		0		0.161521
154	619	1		0		0.161521
155	620	1		0		0.161521
155	621	1		0		0.161521
155	622	0		0		0.161521
155	623	1		0		0.161521
156	624	1		0		0.161521
156	625	1		0		0.161521
156	626	0		0		0.161521
156	627	1		0		0.161521
157	628	1		0		0.161521
157	629	1		0		0.161521
157	630	0		0		0.161521
157	631	1		0		0.161521
158	632	1		0		0.161521
158	633	1		0		0.161521
158	634	0		0		0.161521
158	635	1		0		0.161521
159	636	1		0		0.161521
159	637	1		0		0.161521
159	638	0		0		0.161521
159	639	1		0		0.161521
160	640	1		0		0.161521
160	641	1		0		0.161521
160	642	0		0		0.161521
160	643	1		0		0.161521
161	644	1		0		0.161521
161	645	1		0		0.161521
161	646	0		0		0.161521
161	647	1		0		0.161521
162	648	1		0		0.161521
162	649	1		0		0.161521
162	650	0		0		0.161521
162	651	1		0		0.161521
163	652	1		0		0.161521
163	653	1		0		0.161521
163	654	0		0		0.161521
163	655	1		0		0.161521
164	656	1		0		0.161521
164	657	1		0		0.161521
164	658	0		0		0.161521
164	659	1		0		0.161521
165	660	1		0		0.161521
165	661	1		0		0.161521
165	662	0		0		0.161521
165	663	1		0		0.161521
166	664	1		0		0.161521
166	665	1		0		0.161521
166	666	0		0		0.161521
166	667	1		0		0.161521
167	668	1		0		0.161521
167	669	1		0		0.161521
167	670	0		0		0.161521
167	671	1		0		0.161521
168	672	1		0		0.161521
168	673	1		0		0.161521
168	674	0		0		0.161521
168	675	1		0		0.161521
169	676	1		0		0.161521
169	677	1		0		0.161521
169	678	0		0		0.161521
169	679	1		0		0.161521
170	680	1		0		0.161521
170	681	1		0		0.161521
170	682	0		0		0.161521
170	683	1		0		0.161521
171	684	1		0		0.161521
171	685	1		0		0.161521
171	686	0		0		0.161521
171	687	1		0		0.161521
172	688	1		0		0.161521
172	689	1		0		0.161521
172	690	0		0		0.161521
172	691	1		0		0.161521
173	692	1		0		0.161521
173	693	1		0		0.161521
173	694	0		0		0.161521
173	695	1		0		0.161521
174	696	1		0		0.161521
174	697	1		0		0.161521
174	698	0		0		0.161521
174	699	1		0		0.161521
175	700	1		0		0.161521
175	701	1		0		0.161521
175	702	0		0		0.161521
175	703	1		0		0.161521
176	704	1		0		0.161521
176	705	1		0		0.161521
176	706	0		0		0.161521
176	707	1		0		0.161521
177	708	1		0		0.161521
177	709	1		0		0.161521
177	710	0		0		0.161521
177	711	1		0		0.161521
178	712	1		0		0.161521
178	713	1		0		0.161521
178	714	0		0		0.161521
178	715	1		0		0.161521
179	716	1		0		0.161521
179	717	1		0		0.161521
179	718	0		0		0.161521
179	719	1		0		0.161521
180	720	1		0		0.161521
180	721	1		0		0.161521
180	722	0		0		0.161521
180	723	1		0		0.161521
181	724	1		0		0.161521
181	725	1		0		0.161521
181	726	0		0		0.161521
181	727	1		0		0.161521
182	728	1		0		0.161521
182	729	1		0		0.161521
182	730	0		0		0.161521
182	731	1		0		0.161521
183	732	1		0		0.161521
183	733	1		0		0.161521
183	734	0		0		0.161521
183	735	1		0		0.161521
184	736	1		0		0.161521
184	737	1		0		0.161521
184	738	0		0		0.161521
184	739	1		0		0.161521
185	740	1		0		0.161521
185	741	1		0		0.161521
185	742	0		0		0.161521
185	743	1		0		0.161521
186	744	1		0		0.161521
186	745	1		0		0.161521
186	746	0		0		0.161521
186	747	1		0		0.161521
187	748	1		0		0.161521
187	749	1		0		0.161521
187	750	0		0		0.161521
187	751	1		0		0.161521
188	752	1		0		0.161521
188	753	1		0		0.161521
188	754	0		0		0.161521
188	755	1		0		0.161521
189	756	1		0		0.161521
189	757	1		0		0.161521
189	758	0		0		0.161521
189	759	1		0		0.161521
190	760	1		0		0.161521
190	761	1		0		0.161521
190	762	0		0		0.161521
190	763	1		0		0.161521
191	764	1		0		0.161521
191	765	1		0		0.161521
191	766	0		0		0.161521
191	767	1		0		0.161521
192	768	1		0		0.161521
192	769	1		0		0.161521
192	770	0		0		0.161521
192	771	1		0		0.161521
193	772	1		0		0.161521
193	773	1		0		0.161521
193	774	0		0		0.161521
193	775	1		0		0.161521
194	776	1		0		0.161521
194	777	1		0		0.161521
194	778	0		0		0.161521
194	779	1		0		0.161521
195	780	1		0		0.161521
195	781	1		0		0.161521
195	782	0		0		0.161521
195	783	1		0		0.161521
196	784	1		0		0.161521
196	785	1		0		0.161521
196	786	0		0		0.161521
196	787	1		0		0.161521
197	788	1		0		0.161521
197	789	1		0		0.161521
197	790	0		0		0.161521
197	791	1		0		0.161521
198	792	1		0		0.161521
198	793	1		0		0.161521
198	794	0		0		0.161521
198	795	1		0		0.161521
199	796	1		0		0.161521
199	797	1		0		0.161521
199	798	0		0		0.161521
199	799	1		0		0.161521
200	800	1		0		0.161521
200	801	1		0		0.161521
200	802	0		0		0.161521
200	803	1		0		0.161521
201	804	1		0		0.161521
201	805	1		0		0.161521
201	806	0		0		0.161521
201	807	1		0		0.161521
202	808	1		0		0.161521
202	809	1		0		0.161521
202	810	0		0		0.161521
202	811	1		0		0.161521
203	812	1		0		0.161521
203	813	1		0		0.161521
203	814	0		0		0.161521
203	815	1		0		0.161521
204	816	1		0		0.161521
204	817	1		0		0.161521
204	818	0		0		0.161521
204	819	1		0		0.161521
205	820	1		0		0.161521
205	821	1		0		0.161521
205	822	0		0		0.161521
205	823	1		0		0.161521
206	824	1		0		0.161521
206	825	1		0		0.161521
206	826	0		0		0.161521
206	827	1		0		0.161521
207	828	1		0		0.161521
207	829	1		0		0.161521
207	830	0		0		0.161521
207	831	1		0		0.161521
208	832	1		0		0.161521
208	833	1		0		0.161521
208	834	0		0		0.161521
208	835	1		0		0.161521
209	836	1		0		0.161521
209	837	1		0		0.161521
209	838	0		0		0.161521
209	839	1		0		0.161521
210	840	1		0		0.161521
210	841	1		0		0.161521
210	842	0		0		0.161521
210	843	1		0		0.161521
211	844	1		0		0.161521
211	845	1		0		0.161521
211	846	0		0		0.161521
211	847	1		0		0.161521
212	848	1		0		0.161521
212	849	1		0		0.161521
212	850	0		0		0.161521
212	851	1		0		0.161521
213	852	1		0		0.161521
213	853	1		0		0.161521
213	854	0		0		0.161521
213	855	1		0		0.161521
214	856	1		0		0.161521
214	857	1		0		0.161521
214	858	0		0		0.161521
214	859	1		0		0.161521
215	860	1		0		0.161521
215	861	1		0		0.161521
215	862	0		0		0.161521
215	863	1		0		0.161521
216	864	1		0		0.161521
216	865	1		0		0.161521
216	866	0		0		0.161521
216	867	1		0		0.161521
217	868	1		0		0.161521
217	869	1		0		0.161521
217	870	0		0		0.161521
217	871	1		0		0.161521
218	872	1		0		0.161521
218	873	1		0		0.161521
218	874	0		0		0.161521
218	875	1		0		0.161521
219	876	1		0		0.161521
219	877	1		0		0.161521
219	878	0		0		0.161521
219	879	1		0		0.161521
220	880	1		0		0.161521
220	881	1		0		0.161521
220	882	0		0		0.161521
220	883	1		0		0.161521
221	884	1		0		0.161521
221	885	1		0		0.161521
221	886	0		0		0.161521
221	887	1		0		0.161521
222	888	1		0		0.161521
222	889	1		0		0.161521
222	890	0		0		0.161521
222	891	1		0		0.161521
223	892	1		0		0.161521
223	893	1		0		0.161521
223	894	0		0		0.161521
223	895	1		0		0.161521
224	896	1		0		0.161521
224	897	1		0		0.161521
224	898	0		0		0.161521
224	899	1		0		0.161521
225	900	1		0		0.161521
225	901	1		0		0.161521
225	902	0		0		0.161521
225	903	1		0		0.161521
226	904	1		0		0.161521
226	905	1		0		0.161521
226	906	0		0		0.161521
226	907	1		0		0.161521
227	908	1		0		0.161521
227	909	1		0		0.161521
227	910	0		0		0.161521
227	911	1		0		0.161521
228	912	1		0		0.161521
228	913	1		0		0.161521
228	914	0		0		0.161521
228	915	1		0		0.161521
229	916	1		0		0.161521
229	917	1		0		0.161521
229	918	0		0		0.161521
229	919	1		0		0.161521
230	920	1		0		0.161521
230	921	1		0		0.161521
230	922	0		0		0.161521
230	923	1		0		0.161521
231	924	1		0		0.161521
231	925	1		0		0.161521
231	926	0		0		0.161521
231	927	1		0		0.161521
232	928	1		0		0.161521
232	929	1		0		0.161521
232	930	0		0		0.161521
232	931	1		0		0.161521
233	932	1		0		0.161521
233	933	1		0		0.161521
233	934	0		0		0.161521
233	935	1		0		0.161521
234	936	1		0		0.161521
234	937	1		0		0.161521
234	938	0		0		0.161521
234	939	1		0		0.161521
235	940	1		0		0.161521
235	941	1		0		0.161521
235	942	0		0		0.161521
235	943	1		0		0.161521
236	944	1		0		0.161521
236	945	1		0		0.161521
236	946	0		0		0.161521
236	947	1		0		0.161521
237	948	1		0		0.161521
237	949	1		0		0.161521
237	950	0		0		0.161521
237	951	1		0		0.161521
238	952	1		0		0.161521
238	953	1		0		0.161521
238	954	0		0		0.161521
238	955	1		0		0.161521
239	956	1		0		0.161521
239	957	1		0		0.161521
239	958	0		0		0.161521
239	959	1		0		0.161521
240	960	1		0		0.161521
240	961	1		0		0.161521
240	962	0		0		0.161521
240	963	1		0		0.161521
241	964	1		0		0.161521
241	965	1		0		0.161521
241	966	0		0		0.161521
241	967	1		0		0.161521
242	968	1		0		0.161521
242	969	1		0		0.161521
242	970	0		0		0.161521
242	971	1		0		0.161521
243	972	1		0		0.161521
243	973	1		0		0.161521
243	974	0		0		0.161521
243	975	1		0		0.161521
244	976	1		0		0.161521
244	977	1		0		0.161521
244	978	0		0		0.161521
244	979	1		0		0.161521
245	980	1		0		0.161521
245	981	1		0		0.161521
245	982	0		0		0.161521
245	983	1		0		0.161521
246	984	1		0		0.161521
246	985	1		0		0.161521
246	986	0		0		0.161521
246	987	1		0		0.161521
247	988	1		0		0.161521
247	989	1		0		0.161521
247	990	0		0		0.161521
247	991	1		0		0.161521
248	992	1		0		0.161521
248	993	1		0		0.161521
248	994	0		0		0.161521
248	995	1		0		0.161521
249	996	1		0		0.161521
249	997	1		0		0.161521
249	998	0		0		0.161521
249	999	1		0		0.161521
250	1000	1		0		0.161521
250	1001	1		0		0.161521
250	1002	0		0		0.161521
250	1003	1		0		0.161521
251	1004	1		0		0.161521
251	1005	1		0		0.161521
251	1006	0		0		0.161521
251	1007	1		0		0.161521
252	1008	1		0		0.161521
252	1009	1		0		0.161521
252	1010	0		0		0.161521
252	1011	1		0		0.161521
253	1012	1		0		0.161521
253	1013	1		0		0.161521
253	1014	0		0		0.161521
253	1015	1		0		0.161521
254	1016	1		0		0.161521
254	1017	1		0		0.161521
254	1018	0		0		0.161521
254	1019	1		0		0.161521
255	1020	1		0		0.161521
255	1021	1		0		0.161521
255	1022	0		0		0.161521
255	1023	1		0		0.161521
256	1024	1		0		0.161521
256	1025	1		0		0.161521
256	1026	0		0		0.161521
256	1027	1		0		0.161521
257	1028	1		0		0.161521
257	1029	1		0		0.161521
257	1030	0		0		0.161521
257	1031	1		0		0.161521
258	1032	1		0		0.161521
258	1033	1		0		0.161521
258	1034	0		0		0.161521
258	1035	1		0		0.161521
259	1036	1		0		0.161521
259	1037	1		0		0.161521
259	1038	0		0		0.161521
259	1039	1		0		0.161521
260	1040	1		0		0.161521
260	1041	1		0		0.161521
260	1042	0		0		0.161521
260	1043	1		0		0.161521
261	1044	1		0		0.161521
261	1045	1		0		0.161521
261	1046	0		0		0.161521
261	1047	1		0		0.161521
262	1048	1		0		0.161521
262	1049	1		0		0.161521
262	1050	0		0		0.161521
262	1051	1		0		0.161521
263	1052	1		0		0.161521
263	1053	1		0		0.161521
263	1054	0		0		0.161521
263	1055	1		0		0.161521
264	1056	1		0		0.161521
264	1057	1		0		0.161521
264	1058	0		0		0.161521
264	1059	1		0		0.161521
265	1060	1		0		0.161521
265	1061	1		0		0.161521
265	1062	0		0		0.161521
265	1063	1		0		0.161521
266	1064	1		0		0.161521
266	1065	1		0		0.161521
266	1066	0		0		0.161521
266	1067	1		0		0.161521
267	1068	1		0		0.161521
267	1069	1		0		0.161521
267	1070	0		0		0.161521
267	1071	1		0		0.161521
268	1072	1		0		0.161521
268	1073	1		0		0.161521
268	1074	0		0		0.161521
268	1075	1		0		0.161521
269	1076	1		0		0.161521
269	1077	1		0		0.161521
269	1078	0		0		0.161521
269	1079	1		0		0.161521
270	1080	1		0		0.161521
270	1081	1		0		0.161521
270	1082	0		0		0.161521
270	1083	1		0		0.161521
271	1084	1		0		0.161521
271	1085	1		0		0.161521
271	1086	0		0		0.161521
271	1087	1		0		0.161521
272	1088	1		0		0.161521
272	1089	1		0		0.161521
272	1090	0		0		0.161521
272	1091	1		0		0.161521
273	1092	1		0		0.161521
273	1093	1		0		0.161521
273	1094	0		0		0.161521
273	1095	1		0		0.161521
274	1096	1		0		0.161521
274	1097	1		0		0.161521
274	1098	0		0		0.161521
274	1099	1		0		0.161521
275	1100	1		0		0.161521
275	1101	1		0		0.161521
275	1102	0		0		0.161521
275	1103	1		0		0.161521
276	1104	1		0		0.161521
276	1105	1		0		0.161521
276	1106	0		0		0.161521
276	1107	1		0		0.161521
277	1108	1		0		0.161521
277	1109	1		0		0.161521
277	1110	0		0		0.161521
277	1111	1		0		0.161521
278	1112	1		0		0.161521
278	1113	1		0		0.161521
278	1114	0		0		0.161521
278	1115	1		0		0.161521
279	1116	1		0		0.161521
279	1117	1		0		0.161521
279	1118	0		0		0.161521
279	1119	1		0		0.161521
280	1120	1		0		0.161521
280	1121	1		0		0.161521
280	1122	0		0		0.161521
280	1123	1		0		0.161521
281	1124	1		0		0.161521
281	1125	1		0		0.161521
281	1126	0		0		0.161521
281	1127	1		0		0.161521
282	1128	1		0		0.161521
282	1129	1		0		0.161521
282	1130	0		0		0.161521
282	1131	1		0		0.161521
283	1132	1		0		0.161521
283	1133	1		0		0.161521
283	1134	0		0		0.161521
283	1135	1		0		0.161521
284	1136	1		0		0.161521
284	1137	1		0		0.161521
284	1138	0		0		0.161521
284	1139	1		0		0.161521
285	1140	1		0		0.161521
285	1141	1		0		0.161521
285	1142	0		0		0.161521
285	1143	1		0		0.161521
286	1144	1		0		0.161521
286	1145	1		0		0.161521
286	1146	0		0		0.161521
286	1147	1		0		0.161521
287	1148	1		0		0.161521
287	1149	1		0		0.161521
287	1150	0		0		0.161521
287	1151	1		0		0.161521
288	1152	1		0		0.161521
288	1153	1		0		0.161521
288	1154	0		0		0.161521
288	1155	1		0		0.161521
289	1156	1		0		0.161521
289	1157	1		0		0.161521
289	1158	0		0		0.161521
289	1159	1		0		0.161521
290	1160	1		0		0.161521
290	1161	1		0		0.161521
290	1162	0		0		0.161521
290	1163	1		0		0.161521
291	1164	1		0		0.161521
291	1165	1		0		0.161521
291	1166	0		0		0.161521
291	1167	1		0		0.161521
292	1168	1		0		0.161521
292	1169	1		0		0.161521
292	1170	0		0		0.161521
292	1171	1		0		0.161521
293	1172	1		0		0.161521
293	1173	1		0		0.161521
293	1174	0		0		0.161521
293	1175	1		0		0.161521
294	1176	1		0		0.161521
294	1177	1		0		0.161521
294	1178	0		0		0.161521
294	1179	1		0		0.161521
295	1180	1		0		0.161521
295	1181	1		0		0.161521
295	1182	0		0		0.161521
295	1183	1		0		0.161521
296	1184	1		0		0.161521
296	1185	1		0		0.161521
296	1186	0		0		0.161521
296	1187	1		0		0.161521
297	1188	1		0		0.161521
297	1189	1		0		0.161521
297	1190	0		0		0.161521
297	1191	1		0		0.161521
298	1192	1		0		0.161521
298	1193	1		0		0.161521
298	1194	0		0		0.161521
298	1195	1		0		0.161521
299	1196	1		0		0.161521
299	1197	1		0		0.161521
299	1198	0		0		0.161521
299	1199	1		0		0.161521
300	1200	1		0		0.161521
300	1201	1		0		0.161521
300	1202	0		0		0.161521
300	1203	1		0		0.161521
301	1204	1		0		0.161521
301	1205	1		0		0.161521
301	1206	0		0		0.161521
301	1207	1		0		0.161521
302	1208	1		0		0.161521
302	1209	1		0		0.161521
302	1210	0		0		0.161521
302	1211	1		0		0.161521
303	1212	1		0		0.161521
303	1213	1		0		0.161521
303	1214	0		0		0.161521
303	1215	1		0		0.161521
304	1216	1		0		0.161521
304	1217	1		0		0.161521
304	1218	0		0		0.161521
304	1219	1		0		0.161521
305	1220	1		0		0.161521
305	1221	1		0		0.161521
305	1222	0		0		0.161521
305	1223	1		0		0.161521
306	1224	1		0		0.161521
306	1225	1		0		0.161521
306	1226	0		0		0.161521
306	1227	1		0		0.161521
307	1228	1		0		0.161521
307	1229	1		0		0.161521
307	1230	0		0		0.161521
307	1231	1		0		0.161521
308	1232	1		0		0.161521
308	1233	1		0		0.161521
308	1234	0		0		0.161521
308	1235	1		0		0.161521
309	1236	1		0		0.161521
309	1237	1		0		0.161521
309	1238	0		0		0.161521
309	1239	1		0		0.161521
310	1240	1		0		0.161521
310	1241	1		0		0.161521
310	1242	0		0		0.161521
310	1243	1		0		0.161521
311	1244	1		0		0.161521
311	1245	1		0		0.161521
311	1246	0		0		0.161521
311	1247	1		0		0.161521
312	1248	1		0		0.161521
312	1249	1		0		0.161521
312	1250	0		0		0.161521
312	1251	1		0		0.161521
313	1252	1		0		0.161521
313	1253	1		0		0.161521
313	1254	0		0		0.161521
313	1255	1		0		0.161521
314	1256	1		0		0.161521
314	1257	1		0		0.161521
314	1258	0		0		0.161521
314	1259	1		0		0.161521
315	1260	1		0		0.161521
315	1261	1		0		0.161521
315	1262	0		0		0.161521
315	1263	1		0		0.161521
316	1264	1		0		0.161521
316	1265	1		0		0.161521
316	1266	0		0		0.161521
316	1267	1		0		0.161521
317	1268	1		0		0.161521
317	1269	1		0		0.161521
317	1270	0		0		0.161521
317	1271	1		0		0.161521
318	1272	1		0		0.161521
318	1273	1		0		0.161521
318	1274	0		0		0.161521
318	1275	1		0		0.161521
319	1276	1		0		0.161521
319	1277	1		0		0.161521
319	1278	0		0		0.161521
319	1279	1		0		0.161521
320	1280	1		0		0.161521
320	1281	1		0		0.161521
320	1282	0		0		0.161521
320	1283	1		0		0.161521
321	1284	1		0		0.161521
321	1285	1		0		0.161521
321	1286	0		0		0.161521
321	1287	1		0		0.161521
322	1288	1		0		0.161521
322	1289	1		0		0.161521
322	1290	0		0		0.161521
322	1291	1		0		0.161521
323	1292	1		0		0.161521
323	1293	1		0		0.161521
323	1294	0		0		0.161521
323	1295	1		0		0.161521
324	1296	1		0		0.161521
324	1297	1		0		0.161521
324	1298	0		0		0.161521
324	1299	1		0		0.161521
325	1300	1		0		0.161521
325	1301	1		0		0.161521
325	1302	0		0		0.161521
325	1303	1		0		0.161521
326	1304	1		0		0.161521
326	1305	1		0		0.161521
326	1306	0		0		0.161521
326	1307	1		0		0.161521
327	1308	1		0		0.161521
327	1309	1		0		0.161521
327	1310	0		0		0.161521
327	1311	1		0		0.161521
328	1312	1		0		0.161521
328	1313	1		0		0.161521
328	1314	0		0		0.161521
328	1315	1		0		0.161521
329	1316	1		0		0.161521
329	1317	1		0		0.161521
329	1318	0		0		0.161521
329	1319	1		0		0.161521
330	1320	1		0		0.161521
330	1321	1		0		0.161521
330	1322	0		0		0.161521
330	1323	1		0		0.161521
331	1324	1		0		0.161521
331	1325	1		0		0.161521
331	1326	0		0		0.161521
331	1327	1		0		0.161521
332	1328	1		0		0.161521
332	1329	1		0		0.161521
332	1330	0		0		0.161521
332	1331	1		0		0.161521
333	1332	1		0		0.161521
333	1333	1		0		0.161521
333	1334	0		0		0.161521
333	1335	1		0		0.161521
334	1336	1		0		0.161521
334	1337	1		0		0.161521
334	1338	0		0		0.161521
334	1339	1		0		0.161521
335	1340	1		0		0.161521
335	1341	1		0		0.161521
335	1342	0		0		0.161521
335	1343	1		0		0.161521
336	1344	1		0		0.161521
336	1345	1		0		0.161521
336	1346	0		0		0.161521
336	1347	1		0		0.161521
337	1348	1		0		0.161521
337	1349	1		0		0.161521
337	1350	0		0		0.161521
337	1351	1		0		0.161521
338	1352	1		0		0.161521
338	1353	1		0		0.161521
338	1354	0		0		0.161521
338	1355	1		0		0.161521
339	1356	1		0		0.161521
339	1357	1		0		0.161521
339	1358	0		0		0.161521
339	1359	1		0		0.161521
340	1360	1		0		0.161521
340	1361	1		0		0.161521
340	1362	0		0		0.161521
340	1363	1		0		0.161521
341	1364	1		0		0.161521
341	1365	1		0		0.161521
341	1366	0		0		0.161521
341	1367	1		0		0.161521
342	1368	1		0		0.161521
342	1369	1		0		0.161521
342	1370	0		0		0.161521
342	1371	1		0		0.161521
343	1372	1		0		0.161521
343	1373	1		0		0.161521
343	1374	0		0		0.161521
343	1375	1		0		0.161521
344	1376	1		0		0.161521
344	1377	1		0		0.161521
344	1378	0		0		0.161521
344	1379	1		0		0.161521
345	1380	1		0		0.161521
345	1381	1		0		0.161521
345	1382	0		0		0.161521
345	1383	1		0		0.161521
346	1384	1		0		0.161521
346	1385	1		0		0.161521
346	1386	0		0		0.161521
346	1387	1		0		0.161521
347	1388	1		0		0.161521
347	1389	1		0		0.161521
347	1390	0		0		0.161521
347	1391	1		0		0.161521
348	1392	1		0		0.161521
348	1393	1		0		0.161521
348	1394	0		0		0.161521
348	1395	1		0		0.161521
349	1396	1		0		0.161521
349	1397	1		0		0.161521
349	1398	0		0		0.161521
349	1399	1		0		0.161521
350	1400	1		0		0.161521
350	1401	1		0		0.161521
350	1402	0		0		0.161521
350	1403	1		0		0.161521
351	1404	1		0		0.161521
351	1405	1		0		0.161521
351	1406	0		0		0.161521
351	1407	1		0		0.161521
352	1408	1		0		0.161521
352	1409	1		0		0.161521
352	1410	0		0		0.161521
352	1411	1		0		0.161521
353	1412	1		0		0.161521
353	1413	1		0		0.161521
353	1414	0		0		0.161521
353	1415	1		0		0.161521
354	1416	1		0		0.161521
354	1417	1		0		0.161521
354	1418	0		0		0.161521
354	1419	1		0		0.161521
355	1420	1		0		0.161521
355	1421	1		0		0.161521
355	1422	0		0		0.161521
355	1423	1		0		0.161521
356	1424	1		0		0.161521
356	1425	1		0		0.161521
356	1426	0		0		0.161521
356	1427	1		0		0.161521
357	1428	1		0		0.161521
357	1429	1		0		0.161521
357	1430	0		0		0.161521
357	1431	1		0		0.161521
358	1432	1		0		0.161521
358	1433	1		0		0.161521
358	1434	0		0		0.161521
358	1435	1		0		0.161521
359	1436	1		0		0.161521
359	1437	1		0		0.161521
359	1438	0		0		0.161521
359	1439	1		0		0.161521
360	1440	1		0		0.161521
360	1441	1		0		0.161521
360	1442	0		0		0.161521
360	1443	1		0		0.161521
361	1444	1		0		0.161521
361	1445	1		0		0.161521
361	1446	0		0		0.161521
361	1447	1		0		0.161521
362	1448	1		0		0.161521
362	1449	1		0		0.161521
362	1450	0		0		0.161521
362	1451	1		0		0.161521
363	1452	1		0		0.161521
363	1453	1		0		0.161521
363	1454	0		0		0.161521
363	1455	1		0		0.161521
364	1456	1		0		0.161521
364	1457	1		0		0.161521
364	1458	0		0		0.161521
364	1459	1		0		0.161521
365	1460	1		0		0.161521
365	1461	1		0		0.161521
365	1462	0		0		0.161521
365	1463	1		0		0.161521
366	1464	1		0		0.161521
366	1465	1		0		0.161521
366	1466	0		0		0.161521
366	1467	1		0		0.161521
367	1468	1		0		0.161521
367	1469	1		0		0.161521
367	1470	0		0		0.161521
367	1471	1		0		0.161521
368	1472	1		0		0.161521
368	1473	1		0		0.161521
368	1474	0		0		0.161521
368	1475	1		0		0.161521
369	1476	1		0		0.161521
369	1477	1		0		0.161521
369	1478	0		0		0.161521
369	1479	1		0		0.161521
370	1480	1		0		0.161521
370	1481	1		0		0.161521
370	1482	0		0		0.161521
370	1483	1		0		0.161521
371	1484	1		0		0.161521
371	1485	1		0		0.161521
371	1486	0		0		0.161521
371	1487	1		0		0.161521
372	1488	1		0		0.161521
372	1489	1		0		0.161521
372	1490	0		0		0.161521
372	1491	1		0		0.161521
373	1492	1		0		0.161521
373	1493	1		0		0.161521
373	1494	0		0		0.161521
373	1495	1		0		0.161521
374	1496	1		0		0.161521
374	1497	1		0		0.161521
374	1498	0		0		0.161521
374	1499	1		0		0.161521
375	1500	1		0		0.161521
375	1501	1		0		0.161521
375	1502	0		0		0.161521
375	1503	1		0		0.161521
376	1504	1		0		0.161521
376	1505	1		0		0.161521
376	1506	0		0		0.161521
376	1507	1		0		0.161521
377	1508	1		0		0.161521
377	1509	1		0		0.161521
377	1510	0		0		0.161521
377	1511	1		0		0.161521
378	1512	1		0		0.161521
378	1513	1		0		0.161521
378	1514	0		0		0.161521
378	1515	1		0		0.161521
379	1516	1		0		0.161521
379	1517	1		0		0.161521
379	1518	0		0		0.161521
379	1519	1		0		0.161521
380	1520	1		0		0.161521
380	1521	1		0		0.161521
380	1522	0		0		0.161521
380	1523	1		0		0.161521
381	1524	1		0		0.161521
381	1525	1		0		0.161521
381	1526	0		0		0.161521
381	1527	1		0		0.161521
382	1528	1		0		0.161521
382	1529	1		0		0.161521
382	1530	0		0		0.161521
382	1531	1		0		0.161521
383	1532	1		0		0.161521
383	1533	1		0		0.161521
383	1534	0		0		0.161521
383	1535	1		0		0.161521
384	1536	1		0		0.161521
384	1537	1		0		0.161521
384	1538	0		0		0.161521
384	1539	1		0		0.161521
385	1540	1		0		0.161521
385	1541	1		0		0.161521
385	1542	0		0		0.161521
385	1543	1		0		0.161521
386	1544	1		0		0.161521
386	1545	1		0		0.161521
386	1546	0		0		0.161521
386	1547	1		0		0.161521
387	1548	1		0		0.161521
387	1549	1		0		0.161521
387	1550	0		0		0.161521
387	1551	1		0		0.161521
388	1552	1		0		0.161521
388	1553	1		0		0.161521
388	1554	0		0		0.161521
388	1555	1		0		0.161521
389	1556	1		0		0.161521
389	1557	1		0		0.161521
389	1558	0		0		0.161521
389	1559	1		0		0.161521
390	1560	1		0		0.161521
390	1561	1		0		0.161521
390	1562	0		0		0.161521
390	1563	1		0		0.161521
391	1564	1		0		0.161521
391	1565	1		0		0.161521
391	1566	0		0		0.161521
391	1567	1		0		0.161521
392	1568	1		0		0.161521
392	1569	1		0		0.161521
392	1570	0		0		0.161521
392	1571	1		0		0.161521
393	1572	1		0		0.161521
393	1573	1		0		0.161521
393	1574	0		0		0.161521
393	1575	1		0		0.161521
394	1576	1		0		0.161521
394	1577	1		0		0.161521
394	1578	0		0		0.161521
394	1579	1		0		0.161521
395	1580	1		0		0.161521
395	1581	1		0		0.161521
395	1582	0		0		0.161521
395	1583	1		0		0.161521
396	1584	1		0		0.161521
396	1585	1		0		0.161521
396	1586	0		0		0.161521
396	1587	1		0		0.161521
397	1588	1		0		0.161521
397	1589	1		0		0.161521
397	1590	0		0		0.161521
397	1591	1		0		0.161521
398	1592	1		0		0.161521
398	1593	1		0		0.161521
398	1594	0		0		0.161521
398	1595	1		0		0.161521
399	1596	1		0		0.161521
399	1597	1		0		0.161521
399	1598	0		0		0.161521
399	1599	1		0		0.161521
400	1600	1		0		0.161521
400	1601	1		0		0.161521
400	1602	0		0		0.161521
400	1603	1		0		0.161521
401	1604	1		0		0.161521
401	1605	1		0		0.161521
401	1606	0		0		0.161521
401	1607	1		0		0.161521
402	1608	1		0		0.161521
402	1609	1		0		0.161521
402	1610	0		0		0.161521
402	1611	1		0		0.161521
403	1612	1		0		0.161521
403	1613	1		0		0.161521
403	1614	0		0		0.161521
403	1615	1		0		0.161521
404	1616	1		0		0.161521
404	1617	1		0		0.161521
404	1618	0		0		0.161521
404	1619	1		0		0.161521
405	1620	1		0		0.161521
405	1621	1		0		0.161521
405	1622	0		0		0.161521
405	1623	1		0		0.161521
406	1624	1		0		0.161521
406	1625	1		0		0.161521
406	1626	0		0		0.161521
406	1627	1		0		0.161521
407	1628	1		0		0.161521
407	1629	1		0		0.161521
407	1630	0		0		0.161521
407	1631	1		0		0.161521
408	1632	1		0		0.161521
408	1633	1		0		0.161521
408	1634	0		0		0.161521
408	1635	1		0		0.161521
409	1636	1		0		0.161521
409	1637	1		0		0.161521
409	1638	0		0		0.161521
409	1639	1		0		0.161521
410	1640	1		0		0.161521
410	1641	1		0		0.161521
410	1642	0		0		0.161521
410	1643	1		0		0.161521
411	1644	1		0		0.161521
411	1645	1		0		0.161521
411	1646	0		0		0.161521
411	1647	1		0		0.161521
412	1648	1		0		0.161521
412	1649	1		0		0.161521
412	1650	0		0		0.161521
412	1651	1		0		0.161521
413	1652	1		0		0.161521
413	1653	1		0		0.161521
413	1654	0		0		0.161521
413	1655	1		0		0.161521
414	1656	1		0		0.161521
414	1657	1		0		0.161521
414	1658	0		0		0.161521
414	1659	1		0		0.161521
415	1660	1		0		0.161521
415	1661	1		0		0.161521
415	1662	0		0		0.161521
415	1663	1		0		0.161521
416	1664	1		0		0.161521
416	1665	1		0		0.161521
416	1666	0		0		0.161521
416	1667	1		0		0.161521
417	1668	1		0		0.161521
417	1669	1		0		0.161521
417	1670	0		0		0.161521
417	1671	1		0		0.161521
418	1672	1		0		0.161521
418	1673	1		0		0.161521
418	1674	0		0		0.161521
418	1675	1		0		0.161521
419	1676	1		0		0.161521
419	1677	1		0		0.161521
419	1678	0		0		0.161521
419	1679	1		0		0.161521
420	1680	1		0		0.161521
420	1681	1		0		0.161521
420	1682	0		0		0.161521
420	1683	1		0		0.161521
421	1684	1		0		0.161521
421	1685	1		0		0.161521
421	1686	0		0		0.161521
421	1687	1		0		0.161521
422	1688	1		0		0.161521
422	1689	1		0		0.161521
422	1690	0		0		0.161521
422	1691	1		0		0.161521
423	1692	1		0		0.161521
423	1693	1		0		0.161521
423	1694	0		0		0.161521
423	1695	1		0		0.161521
424	1696	1		0		0.161521
424	1697	1		0		0.161521
424	1698	0		0		0.161521
424	1699	1		0		0.161521
425	1700	1		0		0.161521
425	1701	1		0		0.161521
425	1702	0		0		0.161521
425	1703	1		0		0.161521
426	1704	1		0		0.161521
426	1705	1		0		0.161521
426	1706	0		0		0.161521
426	1707	1		0		0.161521
427	1708	1		0		0.161521
427	1709	1		0		0.161521
427	1710	0		0		0.161521
427	1711	1		0		0.161521
428	1712	1		0		0.161521
428	1713	1		0		0.161521
428	1714	0		0		0.161521
428	1715	1		0		0.161521
429	1716	1		0		0.161521
429	1717	1		0		0.161521
429	1718	0		0		0.161521
429	1719	1		0		0.161521
430	1720	1		0		0.161521
430	1721	1		0		0.161521
430	1722	0		0		0.161521
430	1723	1		0		0.161521
431	1724	1		0		0.161521
431	1725	1		0		0.161521
431	1726	0		0		0.161521
431	1727	1		0		0.161521
432	1728	1		0		0.161521
432	1729	1		0		0.161521
432	1730	0		0		0.161521
432	1731	1		0		0.161521
433	1732	1		0		0.161521
433	1733	1		0		0.161521
433	1734	0		0		0.161521
433	1735	1		0		0.161521
434	1736	1		0		0.161521
434	1737	1		0		0.161521
434	1738	0		0		0.161521
434	1739	1		0		0.161521
435	1740	1		0		0.161521
435	1741	1		0		0.161521
435	1742	0		0		0.161521
435	1743	1		0		0.161521
436	1744	1		0		0.161521
436	1745	1		0		0.161521
436	1746	0		0		0.161521
436	1747	1		0		0.161521
437	1748	1		0		0.161521
437	1749	1		0		0.161521
437	1750	0		0		0.161521
437	1751	1		0		0.161521
438	1752	1		0		0.161521
438	1753	1		0		0.161521
438	1754	0		0		0.161521
438	1755	1		0		0.161521
439	1756	1		0		0.161521
439	1757	1		0		0.161521
439	1758	0		0		0.161521
439	1759	1		0		0.161521
440	1760	1		0		0.161521
440	1761	1		0		0.161521
440	1762	0		0		0.161521
440	1763	1		0		0.161521
441	1764	1		0		0.161521
441	1765	1		0		0.161521
441	1766	0		0		0.161521
441	1767	1		0		0.161521
442	1768	1		0		0.161521
442	1769	1		0		0.161521
442	1770	0		0		0.161521
442	1771	1		0		0.161521
443	1772	1		0		0.161521
443	1773	1		0		0.161521
443	1774	0		0		0.161521
443	1775	1		0		0.161521
444	1776	1		0		0.161521
444	1777	1		0		0.161521
444	1778	0		0		0.161521
444	1779	1		0		0.161521
445	1780	1		0		0.161521
445	1781	1		0		0.161521
445	1782	0		0		0.161521
445	1783	1		0		0.161521
446	1784	1		0		0.161521
446	1785	1		0		0.161521
446	1786	0		0		0.161521
446	1787	1		0		0.161521
447	1788	1		0		0.161521
447	1789	1		0		0.161521
447	1790	0		0		0.161521
447	1791	1		0		0.161521
448	1792	1		0		0.161521
448	1793	1		0		0.161521
448	1794	0		0		0.161521
448	1795	1		0		0.161521
449	1796	1		0		0.161521
449	1797	1		0		0.161521
449	1798	0		0		0.161521
449	1799	1		0		0.161521
450	1800	1		0		0.161521
450	1801	1		0		0.161521
450	1802	0		0		0.161521
450	1803	1		0		0.161521
451	1804	1		0		0.161521
451	1805	1		0		0.161521
451	1806	0		0		0.161521
451	1807	1		0		0.161521
452	1808	1		0		0.161521
452	1809	1		0		0.161521
452	1810	0		0		0.161521
452	1811	1		0		0.161521
453	1812	1		0		0.161521
453	1813	1		0		0.161521
453	1814	0		0		0.161521
453	1815	1		0		0.161521
454	1816	1		0		0.161521
454	1817	1		0		0.161521
454	1818	0		0		0.161521
454	1819	1		0		0.161521
455	1820	1		0		0.161521
455	1821	1		0		0.161521
455	1822	0		0		0.161521
455	1823	1		0		0.161521
456	1824	1		0		0.161521
456	1825	1		0		0.161521
456	1826	0		0		0.161521
456	1827	1		0		0.161521
457	1828	1		0		0.161521
457	1829	1		0		0.161521
457	1830	0		0		0.161521
457	1831	1		0		0.161521
458	1832	1		0		0.161521
458	1833	1		0		0.161521
458	1834	0		0		0.161521
458	1835	1		0		0.161521
459	1836	1		0		0.161521
459	1837	1		0		0.161521
459	1838	0		0		0.161521
459	1839	1		0		0.161521
460	1840	1		0		0.161521
460	1841	1		0		0.161521
460	1842	0		0		0.161521
460	1843	1		0		0.161521
461	1844	1		0		0.161521
461	1845	1		0		0.161521
461	1846	0		0		0.161521
461	1847	1		0		0.161521
462	1848	1		0		0.161521
462	1849	1		0		0.161521
462	1850	0		0		0.161521
462	1851	1		0		0.161521
463	1852	1		0		0.161521
463	1853	1		0		0.161521
463	1854	0		0		0.161521
463	1855	1		0		0.161521
464	1856	1		0		0.161521
464	1857	1		0		0.161521
464	1858	0		0		0.161521
464	1859	1		0		0.161521
465	1860	1		0		0.161521
465	1861	1		0		0.161521
465	1862	0		0		0.161521
465	1863	1		0		0.161521
466	1864	1		0		0.161521
466	1865	1		0		0.161521
466	1866	0		0		0.161521
466	1867	1		0		0.161521
467	1868	1		0		0.161521
467	1869	1		0		0.161521
467	1870	0		0		0.161521
467	1871	1		0		0.161521
468	1872	1		0		0.161521
468	1873	1		0		0.161521
468	1874	0		0		0.161521
468	1875	1		0		0.161521
469	1876	1		0		0.161521
469	1877	1		0		0.161521
469	1878	0		0		0.161521
469	1879	1		0		0.161521
470	1880	1		0		0.161521
470	1881	1		0		0.161521
470	1882	0		0		0.161521
470	1883	1		0		0.161521
471	1884	1		0		0.161521
471	1885	1		0		0.161521
471	1886	0		0		0.161521
471	1887	1		0		0.161521
472	1888	1		0		0.161521
472	1889	1		0		0.161521
472	1890	0		0		0.161521
472	1891	1		0		0.161521
473	1892	1		0		0.161521
473	1893	1		0		0.161521
473	1894	0		0		0.161521
473	1895	1		0		0.161521
474	1896	1		0		0.161521
474	1897	1		0		0.161521
474	1898	0		0		0.161521
474	1899	1		0		0.161521
475	1900	1		0		0.161521
475	1901	1		0		0.161521
475	1902	0		0		0.161521
475	1903	1		0		0.161521
476	1904	1		0		0.161521
476	1905	1		0		0.161521
476	1906	0		0		0.161521
476	1907	1		0		0.161521
477	1908	1		0		0.161521
477	1909	1		0		0.161521
477	1910	0		0		0.161521
477	1911	1		0		0.161521
478	1912	1		0		0.161521
478	1913	1		0		0.161521
478	1914	0		0		0.161521
478	1915	1		0		0.161521
479	1916	1		0		0.161521
479	1917	1		0		0.161521
479	1918	0		0		0.161521
479	1919	1		0		0.161521
480	1920	1		0		0.161521
480	1921	1		0		0.161521
480	1922	0		0		0.161521
480	1923	1		0		0.161521
481	1924	1		0		0.161521
481	1925	1		0		0.161521
481	1926	0		0		0.161521
481	1927	1		0		0.161521
482	1928	1		0		0.161521
482	1929	1		0		0.161521
482	1930	0		0		0.161521
482	1931	1		0		0.161521
483	1932	1		0		0.161521
483	1933	1		0		0.161521
483	1934	0		0		0.161521
483	1935	1		0		0.161521
484	1936	1		0		0.161521
484	1937	1		0		0.161521
484	1938	0		0		0.161521
484	1939	1		0		0.161521
485	1940	1		0		0.161521
485	1941	1		0		0.161521
485	1942	0		0		0.161521
485	1943	1		0		0.161521
486	1944	1		0		0.161521
486	1945	1		0		0.161521
486	1946	0		0		0.161521
486	1947	1		0		0.161521
487	1948	1		0		0.161521
487	1949	1		0		0.161521
487	1950	0		0		0.161521
487	1951	1		0		0.161521
488	1952	1		0		0.161521
488	1953	1		0		0.161521
488	1954	0		0		0.161521
488	1955	1		0		0.161521
489	1956	1		0		0.161521
489	1957	1		0		0.161521
489	1958	0		0		0.161521
489	1959	1		0		0.161521
490	1960	1		0		0.161521
490	1961	1		0		0.161521
490	1962	0		0		0.161521
490	1963	1		0		0.161521
491	1964	1		0		0.161521
491	1965	1		0		0.161521
491	1966	0		0		0.161521
491	1967	1		0		0.161521
492	1968	1		0		0.161521
492	1969	1		0		0.161521
492	1970	0		0		0.161521
492	1971	1		0		0.161521
493	1972	1		0		0.161521
493	1973	1		0		0.161521
493	1974	0		0		0.161521
493	1975	1		0		0.161521
494	1976	1		0		0.161521
494	1977	1		0		0.161521
494	1978	0		0		0.161521
494	1979	1		0		0.161521
495	1980	1		0		0.161521
495	1981	1		0		0.161521
495	1982	0		0		0.161521
495	1983	1		0		0.161521
496	1984	1		0		0.161521
496	1985	1		0		0.161521
496	1986	0		0		0.161521
496	1987	1		0		0.161521
497	1988	1		0		0.161521
497	1989	1		0		0.161521
497	1990	0		0		0.161521
497	1991	1		0		0.161521
498	1992	1		0		0.161521
498	1993	1		0		0.161521
498	1994	0		0		0.161521
498	1995	1		0		0.161521
499	1996	1		0		0.161521
499	1997	1		0		0.161521
499	1998	0		0		0.161521
499	1999	1		0		0.161521
