0.14765
0.0468695
0
0.281817
0.45084
0.592241
0.699708
0.799994
0.9
6.85903e-09
0.1
0.2
0.3
0.4
0.5
0.6
0.7
0.8
0.9
6.85903e-09
0.1
0.2
0.3
0.4
0.5
0.6
0.7
0.8
0.9
6.85903e-09
0.1
0.2
0.3
0.4
0.5
0.6
0.7
0.8
0.9
6.85903e-09
0.1
0.2
0.3
0.4
0.5
0.6
0.7
0.8
0.9
6.85903e-09
0.1
0.2
0.3
0.4
0.5
0.6
0.7
0.8
0.9
6.85903e-09
0.1
0.2
0.3
0.4
0.5
0.6
0.7
0.8
0.9
6.85903e-09
0.1
0.2
0.3
0.4
0.5
0.6
0.7
0.8
0.9
6.85903e-09
0.1
0.2
0.3
0.4
0.5
0.6
0.7
0.8
0.9
6.85903e-09
0.1
0.2
0.3
0.4
0.5
0.6
0.7
0.8
0.9
-1.42776e-08
5.99455e-10
