0.09 0 0 0 1 -9.83954e-06 2.05065e-18 
0.09 0 0 0 1 9.1123e-05 -4.24627e-06 
0.09 0 0 0 1 -8.76574e-05 6.57144e-06 
0.09 0 0 0 1 -3.82742e-05 1.07267e-05 
0.09 0 0 0 1 -3.5701e-05 -1.20007e-05 
0.09 0 0 0 1 -1.81485e-05 5.42539e-06 
0.09 0 0 0 1 1.29647e-05 1.7531e-05 
0.09 0 0 0 1 4.8482e-05 1.41603e-06 
0.09 0 0 0 1 2.84413e-05 -5.4768e-07 
0.09 0 0 0 1 -3.67579e-06 -7.93026e-07 
0.09 0 0 0 1 -1.26829e-05 1.24248e-06 
0.09 0 0 0 1 -1.71387e-05 6.88016e-07 
0.09 0 0 0 1 -2.62186e-05 -2.03209e-06 
0.09 0 0 0 1 -2.83601e-05 -1.6234e-06 
0.09 0 0 0 1 -1.75169e-05 7.79981e-07 
0.09 0 0 0 1 -6.50101e-06 7.66417e-07 
0.09 0 0 0 1 -5.09188e-06 -6.75739e-06 
0.09 0 0 0 1 -3.44939e-06 7.89566e-08 
0.09 0 0 0 1 -2.4032e-06 1.60643e-06 
0.09 0 0 0 1 -9.16885e-06 6.97792e-06 
0.09 0 0 0 1 3.80686e-05 -2.58569e-06 
0.09 0 0 0 1 4.41664e-06 2.06261e-06 
0.09 0 0 0 1 -2.37169e-05 6.99716e-06 
0.09 0 0 0 1 6.55947e-06 3.12195e-06 
0.09 0 0 0 1 5.48331e-06 -1.06293e-06 
0.09 0 0 0 1 -2.02107e-07 -7.14493e-07 
0.09 0 0 0 1 -8.91989e-08 5.99637e-06 
0.09 0 0 0 1 1.25065e-06 1.52776e-06 
0.09 0 0 0 1 -3.81337e-06 -9.63882e-07 
0.09 0 0 0 1 -7.1239e-07 1.72515e-07 
0.09 0 0 0 1 -2.06192e-07 1.80827e-06 
0.09 0 0 0 1 -4.28909e-06 6.24853e-07 
0.09 0 0 0 1 -2.1379e-07 -1.53888e-06 
0.09 0 0 0 1 -7.84425e-06 4.28899e-06 
0.09 0 0 0 1 -1.97156e-05 -5.68548e-06 
0.09 0 0 0 1 -2.6679e-05 -2.74704e-06 
0.09 0 0 0 1 2.00375e-06 3.6559e-05 
0.09 0 0 0 1 -5.21783e-05 -1.56363e-05 
0.09 0 0 0 1 -8.23272e-05 -1.26753e-06 
0.09 0 0 0 1 1.05052e-05 1.14776e-05 
0.09 0 0 0 1 3.87383e-05 8.8634e-06 
0.09 0 0 0 1 3.45481e-05 1.15438e-06 
0.09 0 0 0 1 9.11909e-06 -4.47166e-06 
0.09 1 43 0 43 -2.88282e-05 2.88327e-06 
0.09 1 43 0 43 -2.88777e-05 1.30942e-06 
0.09 1 43 0 43 -5.36385e-05 -1.29468e-06 
0.09 1 43 0 43 -8.98249e-06 -2.45302e-06 
0.09 1 43 0 43 2.10919e-05 -9.37769e-07 
0.09 1 43 0 43 2.35275e-05 3.90179e-06 
0.09 1 43 0 43 1.44785e-05 -1.73867e-06 
0.09 1 43 0 43 -5.49932e-06 -7.96504e-06 
0.09 0.843137 43 8 51 -1.99535e-05 -8.3786e-06 
0.09 0.843137 43 8 51 2.11433e-05 1.83248e-05 
0.09 0.843137 43 8 51 2.25502e-05 -7.53899e-07 
0.09 0.843137 43 8 51 -2.22274e-05 -9.63477e-06 
0.09 0.843137 43 8 51 7.37811e-06 3.53718e-06 
0.09 0.843137 43 8 51 -1.81954e-06 1.40422e-06 
0.09 0.843137 43 8 51 -1.60037e-07 -4.66845e-06 
0.09 0.843137 43 8 51 -1.44226e-06 6.71799e-07 
0.09 0.843137 43 8 51 -1.70383e-06 -1.83594e-06 
0.09 0.843137 43 8 51 -2.05334e-06 7.0442e-07 
0.09 0.843137 43 8 51 2.79027e-07 2.2086e-06 
0.09 0.843137 43 8 51 -8.25732e-07 -1.48129e-06 
0.09 0.843137 43 8 51 2.254e-06 -1.58146e-07 
0.09 0.843137 43 8 51 2.58968e-06 6.05582e-06 
0.09 0.843137 43 8 51 8.40727e-07 -9.32614e-07 
0.09 0.843137 43 8 51 3.53086e-06 -1.53952e-07 
0.09 0.843137 43 8 51 -2.77446e-05 -8.99244e-06 
0.09 0.843137 43 8 51 2.99439e-05 4.28419e-06 
0.09 0.843137 43 8 51 -9.05324e-06 3.85754e-05 
0.09 0.843137 43 8 51 -7.58238e-05 3.00082e-07 
0.09 0.843137 43 8 51 -2.90846e-05 -5.0147e-06 
0.09 0.843137 43 8 51 0.0453435 0.00418586 
0.09 0.843137 43 8 51 0.0904334 0.0114444 
0.09 0.843137 43 8 51 0.133069 0.0231307 
0.09 0.843137 43 8 51 0.158761 -0.127691 
0.09 0.843137 43 8 51 -0.0316012 -0.00410353 
0.09 0.843137 43 8 51 0.0496219 0.0154187 
0.09 0.843137 43 8 51 0.0097448 -0.0012531 
0.09 0.843137 43 8 51 -0.000861222 -0.00746177 
0.09 0.843137 43 8 51 0.00289733 -0.00311979 
0.09 0.843137 43 8 51 0.003265 -0.00116496 
0.09 0.843137 43 8 51 0.00269623 -0.00223149 
0.09 0.843137 43 8 51 0.0168849 -0.0202484 
0.09 0.843137 43 8 51 0.00399957 -0.000413198 
0.09 0.843137 43 8 51 0.00185405 0.033017 
0.09 0.843137 43 8 51 0.0221259 -0.0127171 
0.09 0.843137 43 8 51 0.020865 0.00979892 
0.09 0.843137 43 8 51 0.0182274 0.00687826 
0.09 0.843137 43 8 51 0.015513 0.0085127 
0.09 0.843137 43 8 51 0.00223874 -0.000508769 
0.09 0.833333 40 8 48 -0.0163179 0.000782212 
0.09 0.833333 40 8 48 -0.00299276 0.00495937 
0.09 0.833333 40 8 48 -0.00180791 0.00452731 
0.09 0.833333 40 8 48 -0.00628761 -0.000640044 
0.09 0.833333 40 8 48 0.000813722 -0.000855772 
0.09 0.833333 40 8 48 -0.000436002 -0.0011892 
0.09 0.833333 40 8 48 0.00143139 -0.00102559 
0.09 0.851064 40 7 47 -0.000661796 -0.00651842 
0.09 0.851064 40 7 47 -0.00383424 -0.00299862 
0.09 0.851064 40 7 47 0.00877908 0.00166253 
0.09 0.851064 40 7 47 0.00445482 -0.0053858 
0.09 0.851064 40 7 47 0.0074151 0.00739753 
0.09 0.851064 40 7 47 0.00317432 -0.00723775 
0.09 0.851064 40 7 47 -0.0154477 -0.00236599 
0.09 0.851064 40 7 47 -0.0110437 0.00415889 
0.09 0.851064 40 7 47 -0.00732604 0.00224858 
0.09 0.851064 40 7 47 0.00435128 0.0110801 
0.09 0.851064 40 7 47 0.00311834 0.00934399 
0.09 0.851064 40 7 47 0.00809339 -0.00884519 
0.09 0.851064 40 7 47 0.00841064 0.00118803 
0.09 0.851064 40 7 47 0.00691443 0.00365468 
0.09 0.851064 40 7 47 -0.00234104 0.00222059 
0.09 0.851064 40 7 47 -0.00319686 -0.0113668 
0.09 0.851064 40 7 47 -0.00377997 -0.00954092 
0.09 0.851064 40 7 47 0.00679416 -0.0549413 
0.09 0.851064 40 7 47 0.00516097 0.00564438 
0.09 0.851064 40 7 47 -0.00600831 0.0458202 
0.09 0.851064 40 7 47 0.0161355 -0.0172333 
0.09 0.851064 40 7 47 0.0232296 -0.0118681 
0.09 0.851064 40 7 47 0.022461 -0.00110332 
0.09 0.851064 40 7 47 0.0232782 -0.00363626 
0.09 0.851064 40 7 47 0.0258501 -0.00760142 
0.09 0.851064 40 7 47 0.0282628 -0.00774327 
0.09 0.851064 40 7 47 0.0216494 -0.0131715 
0.09 0.851064 40 7 47 0.0304402 -0.0100915 
0.09 0.851064 40 7 47 0.0200046 -0.00222078 
0.09 0.851064 40 7 47 0.0224614 0.00638589 
0.09 0.851064 40 7 47 0.0270882 -0.0023765 
0.09 0.851064 40 7 47 0.00455177 0.0105901 
0.09 0.851064 40 7 47 0.00789539 -0.00179078 
0.09 0.851064 40 7 47 0.00635273 -0.0047929 
0.09 0.851064 40 7 47 0.0300903 0.0188597 
0.09 0.851064 40 7 47 0.0230597 0.0020315 
0.09 0.851064 40 7 47 0.018404 -0.00266019 
0.09 0.851064 40 7 47 0.0167223 -0.0130937 
0.09 0.851064 40 7 47 0.0138116 -0.00593313 
0.09 0.851064 40 7 47 0.0198012 0.00350667 
0.09 0.851064 40 7 47 0.00324275 0.00155101 
0.09 0.851064 40 7 47 0.00631602 0.00316733 
0.09 0.851064 40 7 47 0.000501884 0.00981458 
0.09 0.851064 40 7 47 0.0145457 0.0152669 
0.09 0.851064 40 7 47 0.00925046 -0.000602043 
0.09 0.851064 40 7 47 0.000904746 0.00681035 
0.09 0.851064 40 7 47 -0.00458653 0.00695587 
0.09 0.851064 40 7 47 -0.000115925 0.00656997 
0.09 0.833333 40 8 48 0.000784517 0.00200144 
0.09 0.833333 40 8 48 0.0127437 0.0119993 
0.09 0.833333 40 8 48 0.00481168 -0.00471715 
0.09 0.833333 40 8 48 0.0140692 -0.0108481 
0.09 0.833333 40 8 48 0.0191588 0.00126444 
0.09 0.833333 40 8 48 -0.00403919 -0.000145769 
0.09 0.833333 40 8 48 -0.00602143 -0.00584455 
0.09 0.833333 40 8 48 -0.00466922 -0.00183734 
0.09 0.833333 40 8 48 0.0241353 -0.00754673 
0.09 0.833333 40 8 48 -8.3836e-05 -0.00761684 
0.09 0.833333 40 8 48 0.0138922 -0.00443106 
0.09 0.833333 40 8 48 0.00417621 -0.000717564 
0.09 0.833333 40 8 48 -0.00419356 -0.00742483 
0.09 0.833333 40 8 48 -0.0104444 -0.0183551 
0.09 0.833333 40 8 48 -0.00535157 -0.00690916 
0.09 0.833333 40 8 48 -0.00384734 0.000269498 
0.09 0.833333 40 8 48 -0.00430847 -0.00656724 
0.09 0.833333 40 8 48 0.00317379 0.00526819 
0.09 0.833333 40 8 48 0.00483344 -0.00916849 
0.09 0.833333 40 8 48 0.00254357 -0.0214458 
0.09 0.833333 40 8 48 0.00970563 0.0069296 
0.09 0.833333 40 8 48 0.0182475 0.00971004 
0.09 0.833333 40 8 48 0.0172008 0.000125327 
0.09 0.833333 40 8 48 0.0143803 0.00448278 
0.09 0.833333 40 8 48 0.0154727 0.00707984 
0.09 0.833333 40 8 48 0.0194055 0.00335418 
0.09 0.833333 40 8 48 0.0207047 0.00576707 
0.09 0.833333 40 8 48 0.023435 0.00134295 
0.09 0.833333 40 8 48 0.0210031 -0.00506645 
0.09 0.833333 40 8 48 0.00235317 -0.0173311 
0.09 0.833333 40 8 48 -0.00147442 0.00364836 
0.09 0.833333 40 8 48 -0.00555461 0.00386374 
0.09 0.833333 40 8 48 -0.0063688 -0.0041397 
0.09 0.833333 40 8 48 0.000792843 0.00824529 
0.09 0.833333 40 8 48 0.0221684 0.0126458 
0.09 0.833333 40 8 48 0.0321146 0.00584177 
0.09 0.833333 40 8 48 0.0270925 0.00521086 
0.09 0.833333 40 8 48 0.0266095 0.00037386 
0.09 0.833333 40 8 48 0.0194292 0.00779998 
0.09 0.833333 40 8 48 0.0161195 0.00194717 
0.09 0.833333 40 8 48 -0.0123352 -0.00288914 
0.09 0.833333 40 8 48 0.00732736 -0.00912823 
0.09 0.833333 40 8 48 0.00889646 0.00542078 
0.09 0.833333 40 8 48 0.0271221 0.00365955 
0.09 0.833333 40 8 48 0.00859098 -0.00266622 
0.09 0.833333 40 8 48 0.00426906 -0.00878496 
0.09 0.833333 40 8 48 -0.00357861 -0.00433757 
0.09 0.851064 40 7 47 -0.00531749 -0.00227841 
0.09 0.851064 40 7 47 -0.00326833 0.000177446 
0.09 0.851064 40 7 47 0.0144511 -0.00560484 
0.09 0.851064 40 7 47 0.00340933 0.00420642 
0.09 0.851064 40 7 47 0.0326797 0.00652685 
0.09 0.851064 40 7 47 0.0112384 0.00146011 
0.09 0.851064 40 7 47 -0.00976766 0.00766608 
0.09 0.851064 40 7 47 -0.00984354 0.0124773 
0.09 0.851064 40 7 47 -0.00488661 0.00551441 
0.09 0.851064 40 7 47 -0.000261403 0.00438535 
0.09 0.851064 40 7 47 0.00197735 0.00777685 
0.09 0.851064 40 7 47 0.0185174 0.00859506 
0.09 0.851064 40 7 47 0.00570414 -0.0113492 
0.09 0.851064 40 7 47 -0.00383136 -0.00344096 
0.09 0.851064 40 7 47 -0.00883181 0.0137648 
0.09 0.851064 40 7 47 -0.00225572 0.0153297 
0.09 0.851064 40 7 47 -0.00106306 -0.0060953 
0.09 0.851064 40 7 47 -0.00387829 0.0147362 
0.09 0.851064 40 7 47 -0.00162094 0.0108954 
0.09 0.851064 40 7 47 -0.00142002 0.00136493 
0.09 0.851064 40 7 47 0.0122642 -0.00526384 
0.09 0.851064 40 7 47 0.0144437 4.32568e-05 
0.09 0.851064 40 7 47 0.015308 -0.00236785 
0.09 0.851064 40 7 47 0.013545 -0.00078306 
0.09 0.851064 40 7 47 0.0167411 0.00281472 
0.09 0.851064 40 7 47 0.0192872 -0.00191683 
0.09 0.851064 40 7 47 0.022915 0.00107661 
0.09 0.851064 40 7 47 0.0264711 0.000288255 
0.09 0.851064 40 7 47 0.0273664 -3.01449e-05 
0.09 0.851064 40 7 47 0.022251 -0.00773801 
0.09 0.851064 40 7 47 -0.00805376 -0.00549238 
0.09 0.851064 40 7 47 0.00422355 0.00216708 
0.09 0.851064 40 7 47 -0.000274803 -0.00428792 
0.09 0.851064 40 7 47 0.00316179 0.0033787 
0.09 0.851064 40 7 47 0.0154852 0.00600072 
0.09 0.851064 40 7 47 0.0258657 -0.0139435 
0.09 0.851064 40 7 47 0.0300731 -0.0104515 
0.09 0.851064 40 7 47 0.0274574 -0.00275322 
0.09 0.851064 40 7 47 0.0223249 -0.000144011 
0.09 0.851064 40 7 47 0.0146334 -0.00812538 
0.09 0.851064 40 7 47 0.00504082 -0.0128815 
0.09 0.851064 40 7 47 0.00762972 0.0141168 
0.09 0.851064 40 7 47 0.0130309 0.0154416 
0.09 0.851064 40 7 47 0.00932723 0.00365237 
0.09 0.851064 40 7 47 0.00731394 0.0113805 
0.09 0.851064 40 7 47 0.00705972 -0.0150004 
0.09 0.851064 40 7 47 0.00832353 -0.0026705 
0.09 0.851064 40 7 47 0.00420595 -0.00342203 
0.09 0.833333 40 8 48 -0.00365638 0.00227464 
0.09 0.833333 40 8 48 0.0077715 0.000714838 
0.09 0.833333 40 8 48 0.00515913 -0.00167314 
0.09 0.833333 40 8 48 0.0250522 0.00979733 
0.09 0.833333 40 8 48 0.00675379 -0.0168359 
0.09 0.833333 40 8 48 -0.0159404 0.00943403 
0.09 0.833333 40 8 48 -0.0181609 -0.00954188 
0.09 0.833333 40 8 48 -0.0141533 0.00336026 
0.09 0.833333 40 8 48 -0.00737058 -0.00202631 
0.09 0.833333 40 8 48 0.00775293 0.00443099 
0.09 0.833333 40 8 48 0.00780154 -0.00924421 
0.09 0.833333 40 8 48 0.0121419 -0.00197258 
0.09 0.833333 40 8 48 0.00292321 0.00716729 
0.09 0.833333 40 8 48 -0.00916591 0.0110193 
0.09 0.833333 40 8 48 -0.00891765 -0.00235701 
0.09 0.833333 40 8 48 -0.00143219 0.00114095 
0.09 0.833333 40 8 48 -0.00641367 0.00604329 
0.09 0.833333 40 8 48 -0.0018343 0.0104213 
0.09 0.833333 40 8 48 -0.00123451 0.0150233 
0.09 0.833333 40 8 48 0.0162898 -0.0254999 
0.09 0.833333 40 8 48 -0.00440383 -0.00156349 
0.09 0.833333 40 8 48 0.0121551 0.00512695 
0.09 0.833333 40 8 48 0.013604 0.00878502 
0.09 0.833333 40 8 48 0.0136126 0.000653762 
0.09 0.833333 40 8 48 0.0169442 0.00178175 
0.09 0.833333 40 8 48 0.0209206 -0.00194235 
0.09 0.833333 40 8 48 0.0222894 -0.00559181 
0.09 0.833333 40 8 48 0.0229265 -0.00914734 
0.09 0.833333 40 8 48 0.0193843 -0.00453041 
0.09 0.833333 40 8 48 0.01396 0.00229351 
0.09 0.833333 40 8 48 0.00728267 0.00426152 
0.09 0.833333 40 8 48 -0.00062644 0.000342744 
0.09 0.833333 40 8 48 -5.22917e-05 0.0021999 
0.09 0.833333 40 8 48 0.00198639 -0.00344256 
0.09 0.833333 40 8 48 0.0316484 0.00253367 
0.09 0.833333 40 8 48 0.0340801 -0.00299462 
0.09 0.833333 40 8 48 0.0305306 -0.00347592 
0.09 0.833333 40 8 48 0.0258453 -0.00163898 
0.09 0.833333 40 8 48 0.0206923 -0.00676723 
0.09 0.829787 39 8 47 0.0112705 0.000915661 
0.09 0.829787 39 8 47 0.000186214 -0.00879073 
0.09 0.829787 39 8 47 0.0101198 0.00369622 
0.09 0.829787 39 8 47 0.0153857 0.00846278 
0.09 0.829787 39 8 47 0.0089303 -0.00640506 
0.09 0.829787 39 8 47 0.00891976 0.0119027 
0.09 0.829787 39 8 47 0.0127839 -0.00301744 
0.09 0.829787 39 8 47 0.0150431 -0.000799669 
0.09 0.829787 39 8 47 -0.00670466 0.000363821 
0.09 0.829787 39 8 47 -0.00442769 0.000760308 
0.09 0.829787 39 8 47 0.0200571 -0.00193152 
0.09 0.829787 39 8 47 -0.00186567 -0.000443706 
0.09 0.829787 39 8 47 0.0335607 -0.011872 
0.09 0.829787 39 8 47 0.0113238 0.00835754 
0.09 0.829787 39 8 47 -0.0176653 0.00682419 
0.09 0.829787 39 8 47 -0.0116889 -0.00482723 
0.09 0.829787 39 8 47 -0.00680496 0.00749596 
0.09 0.829787 39 8 47 0.00482961 0.00071039 
0.09 0.829787 39 8 47 0.00790735 -0.0108962 
0.09 0.829787 39 8 47 0.00506279 0.0171913 
0.09 0.829787 39 8 47 0.00869282 -0.00448962 
0.09 0.829787 39 8 47 -0.00502772 -0.0238112 
0.09 0.829787 39 8 47 -0.00782612 0.00699249 
0.09 0.829787 39 8 47 -0.00268222 0.0166911 
0.09 0.829787 39 8 47 -0.00252543 -0.00674056 
0.09 0.829787 39 8 47 -0.0102754 0.00971346 
0.09 0.829787 39 8 47 0.0118142 -0.0383331 
0.09 0.829787 39 8 47 -0.0212261 0.044607 
0.09 0.829787 39 8 47 0.0118044 0.00237024 
0.09 0.829787 39 8 47 0.0139752 0.00354166 
0.09 0.829787 39 8 47 0.0133578 -0.0106925 
0.09 0.829787 39 8 47 0.0129632 -0.0013818 
0.09 0.829787 39 8 47 0.0159437 0.00229361 
0.09 0.829787 39 8 47 0.0190688 -8.53138e-05 
0.09 0.829787 39 8 47 0.0219044 0.00475795 
0.09 0.829787 39 8 47 0.0228175 0.0105057 
0.09 0.829787 39 8 47 0.0262081 -0.000887147 
0.09 0.829787 39 8 47 0.0068541 0.00826534 
0.09 0.829787 39 8 47 0.000127059 0.000770717 
0.09 0.829787 39 8 47 -0.00150576 0.0049275 
0.09 0.829787 39 8 47 -0.00480382 -0.00547277 
0.09 0.829787 39 8 47 0.0027534 0.00503464 
0.09 0.829787 39 8 47 0.0178578 0.00240137 
0.09 0.829787 39 8 47 0.0322131 -0.0148735 
0.09 0.829787 39 8 47 0.0321833 -0.0087448 
0.09 0.829787 39 8 47 0.02844 0.00152911 
0.09 0.829787 39 8 47 0.0231422 0.00353493 
0.09 0.829787 39 8 47 0.0150181 -0.000290551 
0.09 0.833333 40 8 48 0.00640683 -0.00667696 
0.09 0.833333 40 8 48 0.000611369 0.0165508 
0.09 0.833333 40 8 48 0.0144992 0.0123166 
0.09 0.833333 40 8 48 0.00814502 0.00511609 
0.09 0.833333 40 8 48 0.00993745 0.00480926 
0.09 0.833333 40 8 48 0.015394 -0.0195279 
0.09 0.833333 40 8 48 0.00482644 -0.00757573 
0.09 0.851064 40 7 47 -0.00222274 -0.00135352 
0.09 0.851064 40 7 47 -0.00800692 0.000894833 
0.09 0.851064 40 7 47 0.00841073 -0.000700266 
0.09 0.851064 40 7 47 0.0207701 0.00586253 
0.09 0.851064 40 7 47 0.0259993 0.00389376 
0.09 0.851064 40 7 47 0.00989473 -0.0163641 
0.09 0.851064 40 7 47 -0.0133951 0.0134743 
0.09 0.851064 40 7 47 -0.01656 -0.00522646 
0.09 0.851064 40 7 47 -0.0150158 0.00241317 
0.09 0.851064 40 7 47 -0.00789923 0.00103866 
0.09 0.851064 40 7 47 0.00643966 0.00698228 
0.09 0.851064 40 7 47 0.0124029 -0.00796459 
0.09 0.851064 40 7 47 0.00780966 0.00012487 
0.09 0.851064 40 7 47 0.00470426 -0.00578542 
0.09 0.851064 40 7 47 -0.00792202 0.0131035 
0.09 0.851064 40 7 47 -0.00714828 -0.00181118 
0.09 0.851064 40 7 47 -0.000885104 -0.000165891 
0.09 0.851064 40 7 47 -0.00495372 0.00596704 
0.09 0.851064 40 7 47 0.00298014 0.0113318 
0.09 0.851064 40 7 47 -0.0018063 0.0134634 
0.09 0.851064 40 7 47 0.00878309 -0.0269443 
0.09 0.851064 40 7 47 -0.0126177 -0.00742022 
0.09 0.851064 40 7 47 0.0122487 0.00707007 
0.09 0.851064 40 7 47 0.0137805 0.0091656 
0.09 0.851064 40 7 47 0.0140632 -7.00221e-05 
0.09 0.851064 40 7 47 0.0172452 0.00337392 
0.09 0.851064 40 7 47 0.0190391 -0.00127108 
0.09 0.851064 40 7 47 0.0219598 -0.00820038 
0.09 0.851064 40 7 47 0.0204773 -0.0148062 
0.09 0.851064 40 7 47 0.0202112 -0.00221992 
0.09 0.851064 40 7 47 0.0160387 0.00330889 
0.09 0.851064 40 7 47 0.00873552 0.00272045 
0.09 0.851064 40 7 47 0.000812877 -0.00299274 
0.09 0.851064 40 7 47 -0.00436557 -0.00414784 
0.09 0.851064 40 7 47 0.02004 0.0156129 
0.09 0.851064 40 7 47 0.0333496 -0.00552512 
0.09 0.851064 40 7 47 0.0345884 -0.00378722 
0.09 0.851064 40 7 47 0.0304139 -0.00313596 
0.09 0.851064 40 7 47 0.025297 0.00186562 
0.09 0.851064 40 7 47 0.0202261 -0.00876478 
0.09 0.851064 40 7 47 -0.0193412 -0.00397932 
0.09 0.851064 40 7 47 0.00917351 0.00982881 
0.09 0.851064 40 7 47 0.00784419 0.0107879 
0.09 0.851064 40 7 47 0.0127999 0.0112204 
0.09 0.851064 40 7 47 0.00890981 -0.000299866 
0.09 0.851064 40 7 47 0.00759009 0.005354 
0.09 0.851064 40 7 47 0.00494856 -0.0132903 
0.09 0.851064 40 7 47 0.0123235 -0.000877879 
0.09 0.833333 40 8 48 -0.00249456 -0.00103562 
0.09 0.833333 40 8 48 -0.00218237 0.00400394 
0.09 0.833333 40 8 48 0.00512877 -0.00336287 
0.09 0.833333 40 8 48 0.0197843 -0.00591521 
0.09 0.833333 40 8 48 0.0239146 -0.00871714 
0.09 0.833333 40 8 48 -0.0103135 0.0165251 
0.09 0.833333 40 8 48 -0.0189351 -0.0040256 
0.09 0.833333 40 8 48 -0.0162892 -0.0092615 
0.09 0.833333 40 8 48 -0.0033231 0.00638364 
0.09 0.833333 40 8 48 0.000828491 -0.00137905 
0.09 0.833333 40 8 48 0.00992893 -0.0152986 
0.09 0.833333 40 8 48 0.00635903 0.0116356 
0.09 0.833333 40 8 48 0.00766815 -0.0211451 
0.09 0.833333 40 8 48 -0.00740829 -0.0125782 
0.09 0.833333 40 8 48 -0.0108794 -0.000178675 
0.09 0.833333 40 8 48 -0.00580487 0.0192027 
0.09 0.833333 40 8 48 -0.00923502 0.00240796 
0.09 0.833333 40 8 48 0.00177925 0.0159397 
0.09 0.833333 40 8 48 -0.0055618 -0.00547881 
0.09 0.833333 40 8 48 -0.0128189 -0.018751 
0.09 0.833333 40 8 48 0.00501807 -0.00490545 
0.09 0.833333 40 8 48 0.0169479 0.00537596 
0.09 0.833333 40 8 48 0.0192391 0.00171604 
0.09 0.833333 40 8 48 0.0139442 0.00406497 
0.09 0.833333 40 8 48 0.0158537 0.00428533 
0.09 0.833333 40 8 48 0.0193079 0.00285966 
0.09 0.833333 40 8 48 0.0231434 0.00463671 
0.09 0.833333 40 8 48 0.021859 0.00429096 
0.09 0.833333 40 8 48 0.019933 -0.00686029 
0.09 0.833333 40 8 48 0.00657907 -0.0180132 
0.09 0.833333 40 8 48 -0.00335609 -0.000394403 
0.09 0.833333 40 8 48 -0.00613763 -0.00220185 
0.09 0.833333 40 8 48 -0.00183096 0.00177224 
0.09 0.833333 40 8 48 -0.00823347 0.00323901 
0.09 0.833333 40 8 48 0.0238466 0.0113495 
0.09 0.833333 40 8 48 0.0332749 -0.0022512 
0.09 0.833333 40 8 48 0.031756 -0.00106357 
0.09 0.833333 40 8 48 0.0252409 -0.00511261 
0.09 0.833333 40 8 48 0.0199043 -0.00409214 
0.09 0.833333 40 8 48 0.0170147 -0.00576118 
0.09 0.833333 40 8 48 -0.0286335 0.00537846 
0.09 0.833333 40 8 48 0.0145974 0.00299766 
0.09 0.833333 40 8 48 0.0123527 0.0170585 
0.09 0.833333 40 8 48 0.00704245 -0.014192 
0.09 0.833333 40 8 48 0.009728 0.000908615 
0.09 0.833333 40 8 48 0.00326695 -0.0115106 
0.09 0.833333 40 8 48 0.000935856 -0.00314105 
0.09 0.851064 40 7 47 -0.000133404 0.00327419 
0.09 0.851064 40 7 47 0.00462648 0.001734 
0.09 0.851064 40 7 47 0.00374578 0.00120165 
0.09 0.851064 40 7 47 0.00771516 0.0108419 
0.09 0.851064 40 7 47 0.0310273 0.00346704 
0.09 0.851064 40 7 47 0.0162193 -0.00769987 
0.09 0.851064 40 7 47 -0.0102896 0.00691876 
0.09 0.851064 40 7 47 -0.00682801 0.0106107 
0.09 0.851064 40 7 47 -0.00323411 0.00179373 
0.09 0.851064 40 7 47 0.00227634 0.00520043 
0.09 0.851064 40 7 47 0.00446924 0.00171284 
0.09 0.851064 40 7 47 0.0186547 0.00798068 
0.09 0.851064 40 7 47 0.00221281 -0.0144073 
0.09 0.851064 40 7 47 -0.00711103 0.0025682 
0.09 0.851064 40 7 47 -0.0109613 0.00680299 
0.09 0.851064 40 7 47 -0.00181334 0.0145726 
0.09 0.851064 40 7 47 -0.00192837 -0.00119237 
0.09 0.851064 40 7 47 -0.00244903 0.0109314 
0.09 0.851064 40 7 47 0.000521726 0.00851467 
0.09 0.851064 40 7 47 -0.00867693 -0.0188437 
0.09 0.851064 40 7 47 0.00823848 -1.19485e-05 
0.09 0.851064 40 7 47 0.0162286 -0.00192834 
0.09 0.851064 40 7 47 0.0230508 -0.00348513 
0.09 0.851064 40 7 47 0.0159809 0.00141605 
0.09 0.851064 40 7 47 0.0151843 -0.00133471 
0.09 0.851064 40 7 47 0.0193047 -0.00425949 
0.09 0.851064 40 7 47 0.0224266 0.00102824 
0.09 0.851064 40 7 47 0.0242626 -3.30911e-05 
0.09 0.851064 40 7 47 0.0268665 -0.00243399 
0.09 0.851064 40 7 47 0.023932 -0.0106823 
0.09 0.851064 40 7 47 0.0170405 0.00182223 
0.09 0.851064 40 7 47 -0.0016072 0.0031941 
0.09 0.851064 40 7 47 -0.00104125 0.00354207 
0.09 0.851064 40 7 47 3.12122e-05 -0.00399575 
0.09 0.851064 40 7 47 0.0122035 0.00381218 
0.09 0.851064 40 7 47 0.0315651 -0.0140789 
0.09 0.851064 40 7 47 0.031689 -0.00679089 
0.09 0.851064 40 7 47 0.0275581 -0.00561849 
0.09 0.851064 40 7 47 0.0222086 0.00125444 
0.09 0.851064 40 7 47 0.0137092 -0.00826132 
0.09 0.851064 40 7 47 0.00521342 -0.0115461 
0.09 0.851064 40 7 47 0.00724682 0.0165106 
0.09 0.851064 40 7 47 0.00984202 0.0184757 
0.09 0.851064 40 7 47 0.00998306 0.00626103 
0.09 0.851064 40 7 47 0.02013 -0.00347793 
0.09 0.851064 40 7 47 0.0179898 -0.00330637 
0.09 0.851064 40 7 47 -0.00735883 -0.00716038 
0.09 0.851064 40 7 47 -0.00464247 -0.00503021 
0.09 0.833333 40 8 48 -0.00768347 0.00363726 
0.09 0.833333 40 8 48 0.00583006 0.00208294 
0.09 0.833333 40 8 48 0.0235317 -0.000390595 
0.09 0.833333 40 8 48 0.0210007 -3.00545e-05 
0.09 0.833333 40 8 48 0.00619656 -0.00158899 
0.09 0.833333 40 8 48 -0.0191738 0.0109807 
0.09 0.833333 40 8 48 -0.0142356 -0.00629518 
0.09 0.833333 40 8 48 -0.0162833 -0.00296181 
0.09 0.833333 40 8 48 -0.00448526 0.00129017 
0.09 0.833333 40 8 48 0.00880855 -0.00276047 
0.09 0.833333 40 8 48 0.00668887 -0.00797362 
0.09 0.833333 40 8 48 0.0112509 -0.00317228 
0.09 0.833333 40 8 48 0.0063661 0.00348812 
0.09 0.833333 40 8 48 -0.00945891 0.00892016 
0.09 0.833333 40 8 48 -0.0103327 -0.00377301 
0.09 0.833333 40 8 48 -0.00357377 0.00347752 
0.09 0.833333 40 8 48 -0.00898332 0.00297931 
0.09 0.833333 40 8 48 0.00666591 0.0198852 
0.09 0.833333 40 8 48 -0.00247395 0.00800389 
0.09 0.833333 40 8 48 0.00879414 -0.0233507 
0.09 0.833333 40 8 48 -0.038371 -0.023313 
0.09 0.833333 40 8 48 0.016044 0.00111121 
0.09 0.833333 40 8 48 0.0221954 0.0121035 
0.09 0.833333 40 8 48 0.0162653 0.00157602 
0.09 0.833333 40 8 48 0.0165999 0.000591391 
0.09 0.833333 40 8 48 0.0194372 -0.00262171 
0.09 0.833333 40 8 48 0.0220693 -0.00931005 
0.09 0.833333 40 8 48 0.0226896 -0.0128531 
0.09 0.833333 40 8 48 0.0161584 -0.0112397 
0.09 0.833333 40 8 48 0.0206866 -0.00100949 
0.09 0.833333 40 8 48 -0.00245434 0.00801012 
0.09 0.833333 40 8 48 0.00666764 -0.00103859 
0.09 0.833333 40 8 48 -0.00180848 0.00451947 
0.09 0.833333 40 8 48 0.00444655 0.00901259 
0.09 0.833333 40 8 48 0.0340444 0.00134254 
0.09 0.833333 40 8 48 0.0345817 -0.0072879 
0.09 0.833333 40 8 48 0.0309399 -0.00774598 
0.09 0.833333 40 8 48 0.0254317 0.00119039 
0.09 0.833333 40 8 48 0.0207053 0.000624869 
0.09 0.829787 39 8 47 0.00138015 0.00178204 
0.09 0.829787 39 8 47 -0.00283687 -0.0128478 
0.09 0.829787 39 8 47 0.00933437 0.00815268 
0.09 0.829787 39 8 47 0.0116531 6.81101e-05 
0.09 0.829787 39 8 47 0.0107941 0.0136972 
0.09 0.829787 39 8 47 0.0152933 -0.00808821 
0.09 0.829787 39 8 47 0.0152432 0.000835949 
0.09 0.829787 39 8 47 -0.00856114 0.00465468 
0.09 0.829787 39 8 47 0.00173274 -0.00497904 
0.09 0.829787 39 8 47 -0.0020161 0.00769253 
0.09 0.829787 39 8 47 0.0186561 0.00346706 
0.09 0.829787 39 8 47 0.00216849 0.0110496 
0.09 0.829787 39 8 47 0.030476 0.000361609 
0.09 0.829787 39 8 47 -0.00087562 0.00238885 
0.09 0.829787 39 8 47 -0.0184533 0.00928033 
0.09 0.829787 39 8 47 -0.0132522 0.00484918 
0.09 0.829787 39 8 47 -0.00633003 0.000442526 
0.09 0.829787 39 8 47 0.00326506 0.00331253 
0.09 0.829787 39 8 47 0.00924882 -0.00977656 
0.09 0.829787 39 8 47 0.00760316 0.00785048 
0.09 0.829787 39 8 47 0.00996302 -0.00913426 
0.09 0.829787 39 8 47 -0.00791937 0.00172602 
0.09 0.829787 39 8 47 -0.00734263 -0.00166183 
0.09 0.829787 39 8 47 -0.00456205 0.0090679 
0.09 0.829787 39 8 47 -0.00523184 0.00438672 
0.09 0.829787 39 8 47 -0.0121256 0.000883745 
0.09 0.829787 39 8 47 0.00223922 -0.0306569 
0.09 0.829787 39 8 47 -0.0137808 0.0157924 
0.09 0.829787 39 8 47 0.0102128 -0.00923759 
0.09 0.829787 39 8 47 0.0401748 -0.00268803 
0.09 0.829787 39 8 47 0.0287241 0.00603478 
0.09 0.829787 39 8 47 0.0148577 0.00575635 
0.09 0.829787 39 8 47 0.0112302 -0.00388754 
0.09 0.829787 39 8 47 0.0175914 -0.00122759 
0.09 0.829787 39 8 47 0.021178 -0.00361825 
0.09 0.829787 39 8 47 0.0228705 0.000669372 
0.09 0.829787 39 8 47 0.0270941 -0.000142631 
0.09 0.829787 39 8 47 0.0365913 -0.00119125 
0.09 0.829787 39 8 47 0.0370494 -0.00254114 
0.09 0.829787 39 8 47 0.0406771 0.00121387 
0.09 0.829787 39 8 47 0.0441832 0.000487295 
0.09 0.829787 39 8 47 0.0413529 0.00975631 
0.09 0.829787 39 8 47 0.0415536 0.00626396 
0.09 0.829787 39 8 47 0.0366624 -0.00970268 
0.09 0.829787 39 8 47 0.0320186 -0.00445088 
0.09 0.829787 39 8 47 0.0344122 0.00192021 
0.09 0.829787 39 8 47 0.0260394 -0.000195578 
0.09 0.829787 39 8 47 0.0199737 -0.0184324 
0.09 0.833333 40 8 48 0.0258441 -0.029082 
0.09 0.833333 40 8 48 0.0137933 -0.0229386 
0.09 0.833333 40 8 48 0.0143546 0.00186346 
0.09 0.833333 40 8 48 0.00508171 0.00459204 
0.09 0.833333 40 8 48 0.00413472 0.00535581 
0.09 0.833333 40 8 48 0.001965 0.000115669 
0.09 0.833333 40 8 48 0.00106339 -0.000581219 
0.09 0.851064 40 7 47 0.000326485 -0.000591215 
0.09 0.851064 40 7 47 0.000671103 0.000295938 
0.09 0.851064 40 7 47 -0.00109244 0.000633879 
0.09 0.851064 40 7 47 -0.00707652 0.00407142 
0.09 0.851064 40 7 47 0.0033287 -0.0229082 
0.09 0.851064 40 7 47 0.013713 0.00969658 
0.09 0.851064 40 7 47 0.0123815 0.00645751 
0.09 0.851064 40 7 47 0.0135866 0.00417947 
0.09 0.851064 40 7 47 0.016204 0.00227554 
0.09 0.851064 40 7 47 0.0180926 -0.00822817 
0.09 0.851064 40 7 47 0.0142264 -0.02693 
0.09 0.851064 40 7 47 0.0132797 -0.0226827 
0.09 0.851064 40 7 47 0.0146344 0.0037183 
0.09 0.851064 40 7 47 0.0148576 0.00607605 
0.09 0.851064 40 7 47 0.0113457 -0.00256853 
0.09 0.851064 40 7 47 0.0104812 -0.00862804 
0.09 0.851064 40 7 47 0.0063803 -0.0121415 
0.09 0.851064 40 7 47 0.000566882 -0.0054074 
0.09 0.851064 40 7 47 0.00136362 0.00410789 
0.09 0.851064 40 7 47 0.00174928 -0.00265533 
0.09 0.851064 40 7 47 0.00253976 0.00154272 
0.09 0.851064 40 7 47 0.000816892 -0.00472359 
0.09 0.851064 40 7 47 0.00179908 -0.00358518 
0.09 0.851064 40 7 47 3.69476e-05 -0.00554332 
0.09 0.851064 40 7 47 0.00308933 0.000995978 
0.09 0.851064 40 7 47 -0.000995409 -0.00162467 
0.09 0.851064 40 7 47 0.00374932 0.00105859 
0.09 0.851064 40 7 47 0.0205295 0.00279501 
0.09 0.851064 40 7 47 0.0202455 -0.0109125 
0.09 0.851064 40 7 47 0.0301869 0.00341634 
0.09 0.851064 40 7 47 0.0384118 -0.000849084 
0.09 0.851064 40 7 47 0.0427779 -0.000986631 
0.09 0.851064 40 7 47 0.0473446 -0.00691049 
0.09 0.851064 40 7 47 0.0455176 0.00340527 
0.09 0.851064 40 7 47 0.0462697 0.00518972 
0.09 0.851064 40 7 47 0.0353532 -0.001152 
0.09 0.851064 40 7 47 0.0441307 0.00172071 
0.09 0.851064 40 7 47 0.0368612 0.00174202 
0.09 0.851064 40 7 47 0.0314713 0.00143407 
0.09 0.851064 40 7 47 0.0360663 0.00247846 
0.09 0.851064 40 7 47 0.0320479 0.00276653 
0.09 0.851064 40 7 47 0.0071006 -0.000143304 
0.09 0.851064 40 7 47 0.0107779 -0.00145835 
0.09 0.851064 40 7 47 0.00755525 -0.00187646 
0.09 0.851064 40 7 47 0.00566919 -0.00247403 
0.09 0.851064 40 7 47 0.0109163 -0.00356499 
0.09 0.851064 40 7 47 0.0106378 0.00669001 
0.09 0.851064 40 7 47 0.00648471 0.00066309 
0.09 0.833333 40 8 48 0.00592571 -2.32358e-05 
0.09 0.833333 40 8 48 0.00857763 -0.00159865 
0.09 0.833333 40 8 48 -0.0232025 -0.00739158 
0.09 0.833333 40 8 48 -0.0285091 -0.0134494 
0.09 0.833333 40 8 48 0.0170787 0.00132668 
0.09 0.833333 40 8 48 0.0105302 0.0025184 
0.09 0.833333 40 8 48 0.0155796 0.00332332 
0.09 0.833333 40 8 48 0.0135067 0.0034841 
0.09 0.833333 40 8 48 0.0142064 0.000855404 
0.09 0.833333 40 8 48 -0.0113665 0.0432149 
0.09 0.833333 40 8 48 0.0241584 0.0487147 
0.09 0.833333 40 8 48 0.0289206 0.0200436 
0.09 0.833333 40 8 48 0.026108 0.0241205 
0.09 0.833333 40 8 48 0.0189362 0.0231112 
0.09 0.833333 40 8 48 0.0255847 0.0404602 
0.09 0.833333 40 8 48 0.0467323 0.0619221 
0.09 0.833333 40 8 48 0.0383254 0.048839 
0.09 0.833333 40 8 48 0.0412853 0.0411958 
0.09 0.833333 40 8 48 0.0496272 0.0367335 
0.09 0.833333 40 8 48 0.0591786 0.0355176 
0.09 0.833333 40 8 48 -0.0603551 -0.0397714 
0.09 0.833333 40 8 48 -0.0737347 -0.035027 
0.09 0.833333 40 8 48 -0.0499962 -0.0324899 
0.09 0.833333 40 8 48 -0.0327529 -0.00712936 
0.09 0.833333 40 8 48 -0.0209937 -0.00442877 
0.09 0.833333 40 8 48 -0.00752549 -0.0329257 
0.09 0.833333 40 8 48 0.010268 -0.016787 
0.09 0.833333 40 8 48 0.0226364 0.000499837 
0.09 0.833333 40 8 48 0.0215287 0.000149403 
0.09 0.833333 40 8 48 0.027856 0.00576005 
0.09 0.833333 40 8 48 0.0197987 0.00504816 
0.09 0.833333 40 8 48 0.00613536 0.00208326 
0.09 0.833333 40 8 48 -0.00133925 0.00328947 
0.09 0.833333 40 8 48 0.00341414 0.00669376 
0.09 0.833333 40 8 48 0.00480869 0.00839947 
0.09 0.833333 40 8 48 -0.000117771 0.0105011 
0.09 0.833333 40 8 48 0.00169413 0.00245719 
0.09 0.833333 40 8 48 0.00198101 0.000232865 
0.09 0.833333 40 8 48 0.000747291 0.0037874 
0.09 0.833333 40 8 48 0.00841384 -0.0056104 
0.09 0.833333 40 8 48 0.0404962 -0.020324 
0.09 0.833333 40 8 48 0.0252171 -0.00916241 
0.09 0.833333 40 8 48 0.00614212 -0.00549956 
0.09 0.833333 40 8 48 0.010616 -0.0103247 
0.09 0.833333 40 8 48 0.00725916 -0.00734686 
0.09 0.833333 40 8 48 0.0214464 -0.000900098 
0.09 0.833333 40 8 48 0.000611397 -0.000341667 
0.09 0.851064 40 7 47 0.00531843 0.00523273 
0.09 0.851064 40 7 47 0.00330697 0.000375335 
0.09 0.851064 40 7 47 -0.00156954 0.0032693 
0.09 0.851064 40 7 47 -0.0185045 -0.00741986 
0.09 0.851064 40 7 47 -0.0391163 -0.026456 
0.09 0.851064 40 7 47 0.0111489 0.000623732 
0.09 0.851064 40 7 47 0.00501961 0.00499973 
0.09 0.851064 40 7 47 0.0236086 -0.00437011 
0.09 0.851064 40 7 47 0.0429413 0.022898 
0.09 0.851064 40 7 47 0.0950396 -0.0150135 
0.09 0.851064 40 7 47 0.0207242 0.0228922 
0.09 0.851064 40 7 47 0.0237934 -0.00402604 
0.09 0.851064 40 7 47 0.0208981 -0.0015679 
0.09 0.851064 40 7 47 0.02116 0.00392106 
0.09 0.851064 40 7 47 0.0177308 0.0011029 
0.09 0.851064 40 7 47 -0.00519771 0.00484281 
0.09 0.851064 40 7 47 0.00162148 -0.00104553 
0.09 0.851064 40 7 47 0.00309154 -3.46168e-05 
0.09 0.851064 40 7 47 -0.000882014 -0.000780076 
0.09 0.851064 40 7 47 -0.00614906 -9.70741e-06 
0.09 0.851064 40 7 47 -0.0422256 -0.00136743 
0.09 0.851064 40 7 47 -0.116814 -7.4939e-05 
0.09 0.851064 40 7 47 -0.098782 -0.000398882 
0.09 0.851064 40 7 47 -0.0714776 -0.000132982 
0.09 0.851064 40 7 47 -0.028404 -0.00163523 
0.09 0.851064 40 7 47 -0.00323334 -0.00132669 
0.09 0.851064 40 7 47 -0.0279428 0.0195698 
0.09 0.851064 40 7 47 -0.0134084 -0.0153806 
0.09 0.851064 40 7 47 -0.00614975 -0.000248203 
0.09 0.851064 40 7 47 -0.0014546 0.00213797 
0.09 0.851064 40 7 47 0.00496008 -0.00141723 
0.09 0.851064 40 7 47 0.00656237 0.00141533 
0.09 0.851064 40 7 47 0.0060908 0.000482979 
0.09 0.851064 40 7 47 0.000253405 -0.00868374 
0.09 0.851064 40 7 47 0.00664529 0.0110154 
0.09 0.851064 40 7 47 -0.00262328 -0.01646 
0.09 0.851064 40 7 47 0.0272132 0.0187645 
0.09 0.851064 40 7 47 0.00320024 0.0004602 
0.09 0.851064 40 7 47 0.00312417 -0.0147065 
0.09 0.851064 40 7 47 0.0162098 0.0105148 
0.09 0.851064 40 7 47 -0.0255514 -0.00122195 
0.09 0.851064 40 7 47 -0.0381069 -0.00384235 
0.09 0.851064 40 7 47 0.00745662 0.00201253 
0.09 0.851064 40 7 47 0.0160141 -0.0030756 
0.09 0.851064 40 7 47 0.0257347 -0.0188551 
0.09 0.851064 40 7 47 8.25665e-05 0.00521506 
0.09 0.851064 40 7 47 0.00687574 0.0113205 
0.09 0.851064 40 7 47 0.0111343 0.0229843 
0.09 0.833333 40 8 48 0.0263711 0.0139707 
0.09 0.833333 40 8 48 0.00718035 -0.00726621 
0.09 0.833333 40 8 48 0.0113973 -0.0168662 
0.09 0.833333 40 8 48 -0.000311051 -0.0107773 
0.09 0.833333 40 8 48 0.0543786 -0.000621325 
0.09 0.833333 40 8 48 -0.0140985 0.000538556 
0.09 0.833333 40 8 48 0.0909901 -0.0169417 
0.09 0.833333 40 8 48 0.0287634 0.0109712 
0.09 0.833333 40 8 48 0.00897993 0.00343694 
0.09 0.833333 40 8 48 0.00339725 0.000761592 
0.09 0.833333 40 8 48 -0.00216801 0.00102402 
0.09 0.833333 40 8 48 -0.00250577 0.000569827 
0.09 0.833333 40 8 48 -0.000276906 0.0011371 
0.09 0.833333 40 8 48 -0.00234755 0.000603147 
0.09 0.833333 40 8 48 0.00114527 -0.000935679 
0.09 0.833333 40 8 48 0.000830637 -0.000973107 
0.09 0.833333 40 8 48 0.00020239 0.00115742 
0.09 0.833333 40 8 48 -0.00521238 0.00623655 
0.09 0.833333 40 8 48 -0.0109181 -0.00276331 
0.09 0.833333 40 8 48 -0.0153696 -0.0218656 
0.09 0.833333 40 8 48 -0.0968988 -0.0550474 
0.09 0.833333 40 8 48 -0.0957101 -0.038014 
0.09 0.833333 40 8 48 -0.0560456 -0.0307563 
0.09 0.833333 40 8 48 -0.0697725 -0.0175508 
0.09 0.833333 40 8 48 -0.00571046 0.0368871 
0.09 0.833333 40 8 48 -0.030627 0.0136729 
0.09 0.833333 40 8 48 -0.034107 0.00420915 
0.09 0.833333 40 8 48 -0.00710559 -0.00658637 
0.09 0.833333 40 8 48 0.000477932 -0.000305076 
0.09 0.833333 40 8 48 0.000796732 -0.000743321 
0.09 0.833333 40 8 48 0.00254634 -0.0015193 
0.09 0.833333 40 8 48 0.00112215 -0.00811888 
0.09 0.833333 40 8 48 0.00750385 -0.00904013 
0.09 0.833333 40 8 48 -0.0135249 -0.00217629 
0.09 0.833333 40 8 48 -0.0215034 0.00473151 
0.09 0.833333 40 8 48 -0.0311106 0.00089217 
0.09 0.833333 40 8 48 -0.0242163 0.00347745 
0.09 0.833333 40 8 48 0.023666 0.0269892 
0.09 0.833333 40 8 48 0.00381157 0.00642118 
0.09 0.829787 39 8 47 -0.0130261 -0.000661103 
0.09 0.829787 39 8 47 0.0417056 -0.00337415 
0.09 0.829787 39 8 47 0.0124826 -0.0169259 
0.09 0.829787 39 8 47 -0.00285593 -0.0176216 
0.09 0.829787 39 8 47 0.00786514 -0.00435941 
0.09 0.829787 39 8 47 -0.00161109 0.00324639 
0.09 0.829787 39 8 47 -0.00395156 0.00444466 
0.09 0.829787 39 8 47 -0.00278297 -0.0212211 
0.09 0.829787 39 8 47 -0.00754961 0.0109597 
0.09 0.829787 39 8 47 -0.00131638 0.00563126 
0.09 0.829787 39 8 47 -0.00164261 0.000703694 
0.09 0.829787 39 8 47 -0.00329319 0.00120279 
0.09 0.829787 39 8 47 -0.0311965 0.0133084 
0.09 0.829787 39 8 47 -0.000391274 -0.0262494 
0.09 0.829787 39 8 47 0.0587803 0.0204409 
0.09 0.829787 39 8 47 0.0376409 -0.011614 
0.09 0.829787 39 8 47 0.016195 -0.00685723 
0.09 0.829787 39 8 47 0.0119979 -0.0172384 
0.09 0.829787 39 8 47 -0.000717661 -0.00664307 
0.09 0.829787 39 8 47 -0.000472545 -0.00150041 
0.09 0.829787 39 8 47 0.00445936 -0.00181775 
0.09 0.829787 39 8 47 -0.000860659 -0.000464764 
0.09 0.829787 39 8 47 0.00158473 0.000465911 
0.09 0.829787 39 8 47 -0.00118445 2.23291e-05 
0.09 0.829787 39 8 47 3.41692e-05 9.47659e-05 
0.09 0.829787 39 8 47 -0.000100626 1.49205e-05 
0.09 0.829787 39 8 47 0.0055892 0.00169988 
0.09 0.829787 39 8 47 0.00102084 0.00469315 
0.09 0.829787 39 8 47 -0.0378232 0.0353942 
0.09 0.829787 39 8 47 -0.135748 0.0727589 
0.09 0.829787 39 8 47 -0.0995987 0.075847 
0.09 0.829787 39 8 47 -0.0788695 0.0521498 
0.09 0.829787 39 8 47 -0.0269897 -0.0206819 
0.09 0.829787 39 8 47 -0.00202244 0.0152661 
0.09 0.829787 39 8 47 -0.0020989 0.00547762 
0.09 0.829787 39 8 47 0.0010149 0.000945961 
0.09 0.829787 39 8 47 0.00339878 0.00207197 
0.09 0.829787 39 8 47 -0.000122979 -0.000460302 
0.09 0.829787 39 8 47 0.00159444 -0.000416633 
0.09 0.829787 39 8 47 0.00576022 0.00335128 
0.09 0.829787 39 8 47 -0.00624946 -0.00404051 
0.09 0.829787 39 8 47 -0.00732055 0.00201799 
0.09 0.829787 39 8 47 -0.00682782 -0.00159606 
0.09 0.829787 39 8 47 -0.00642108 0.0119544 
0.09 0.829787 39 8 47 -0.0309577 0.00867591 
0.09 0.829787 39 8 47 0.0152156 0.00110574 
0.09 0.829787 39 8 47 -0.00631581 0.0219124 
0.09 0.829787 39 8 47 0.00286709 0.0286567 
0.09 0.833333 40 8 48 -0.025109 -0.00216052 
0.09 0.833333 40 8 48 0.00486119 -0.0032054 
0.09 0.833333 40 8 48 0.0362279 0.0472675 
0.09 0.833333 40 8 48 0.0364047 0.0369002 
0.09 0.833333 40 8 48 0.0300307 0.0350407 
0.09 0.833333 40 8 48 0.00509006 0.000749091 
0.09 0.833333 40 8 48 -0.00482244 0.0301842 
0.09 0.851064 40 7 47 0.00621083 0.00865467 
0.09 0.851064 40 7 47 0.0344483 0.00410201 
0.09 0.851064 40 7 47 0.00636971 0.010304 
0.09 0.851064 40 7 47 0.00320613 -0.0179197 
0.09 0.851064 40 7 47 -0.00366629 0.0111037 
0.09 0.851064 40 7 47 -0.00980456 -0.0194156 
0.09 0.851064 40 7 47 0.0253947 0.035358 
0.09 0.851064 40 7 47 0.0325539 -0.00792508 
0.09 0.851064 40 7 47 0.0266336 0.00519887 
0.09 0.851064 40 7 47 0.0127759 0.0197059 
0.09 0.851064 40 7 47 0.00187636 5.99002e-05 
0.09 0.851064 40 7 47 -0.000337607 -0.00187083 
0.09 0.851064 40 7 47 -0.000262269 -0.00133555 
0.09 0.851064 40 7 47 0.00190496 0.000445449 
0.09 0.851064 40 7 47 -0.000306761 -0.000721381 
0.09 0.851064 40 7 47 -0.000148511 -0.000408523 
0.09 0.851064 40 7 47 -0.000501529 6.94882e-05 
0.09 0.851064 40 7 47 -8.34145e-05 0.000499425 
0.09 0.851064 40 7 47 0.000714452 0.00896852 
0.09 0.851064 40 7 47 0.00142559 -0.00426598 
0.09 0.851064 40 7 47 -0.0369608 -0.018514 
0.09 0.851064 40 7 47 -0.123494 -0.0688156 
0.09 0.851064 40 7 47 -0.110134 -0.0297632 
0.09 0.851064 40 7 47 -0.0895386 -0.0348678 
0.09 0.851064 40 7 47 -0.0458376 -0.00531232 
0.09 0.851064 40 7 47 -0.0481009 0.00993064 
0.09 0.851064 40 7 47 -0.0227662 0.00776986 
0.09 0.851064 40 7 47 -0.0136386 0.0158413 
0.09 0.851064 40 7 47 -0.00795703 -0.00940726 
0.09 0.851064 40 7 47 -0.00651693 -0.00563382 
0.09 0.851064 40 7 47 -0.000123386 0.00136146 
0.09 0.851064 40 7 47 0.000261925 0.00173734 
0.09 0.851064 40 7 47 0.00380701 0.0256439 
0.09 0.851064 40 7 47 0.00572369 -0.00541618 
0.09 0.851064 40 7 47 0.0151726 0.0360584 
0.09 0.851064 40 7 47 0.0139877 -0.0146928 
0.09 0.851064 40 7 47 -0.00431355 -0.00679532 
0.09 0.851064 40 7 47 0.0245545 0.019498 
0.09 0.851064 40 7 47 0.00580996 0.0100398 
0.09 0.851064 40 7 47 -0.00320747 -0.0173854 
0.09 0.851064 40 7 47 0.0167332 0.00805912 
0.09 0.851064 40 7 47 -0.0038065 -0.0069211 
0.09 0.851064 40 7 47 0.0377324 0.00897899 
0.09 0.851064 40 7 47 -0.00680901 0.0111688 
0.09 0.851064 40 7 47 -0.00242738 0.0187038 
0.09 0.851064 40 7 47 0.00975022 0.0192238 
0.09 0.851064 40 7 47 0.00282387 0.019408 
0.09 0.851064 40 7 47 0.0360657 -0.000916054 
0.09 0.833333 40 8 48 0.0133178 0.00273248 
0.09 0.833333 40 8 48 0.0202765 -0.0167479 
0.09 0.833333 40 8 48 0.0189705 -0.00806169 
0.09 0.833333 40 8 48 -0.0248671 0.0160304 
0.09 0.833333 40 8 48 0.0124782 0.0111852 
0.09 0.833333 40 8 48 0.0543892 -0.0134905 
0.09 0.833333 40 8 48 -0.000500487 -0.00564947 
0.09 0.833333 40 8 48 0.0172509 -0.00167166 
0.09 0.833333 40 8 48 0.00229632 0.00125458 
0.09 0.833333 40 8 48 0.0013504 0.00163504 
0.09 0.833333 40 8 48 0.00601201 0.00163436 
0.09 0.833333 40 8 48 0.00683272 0.00119962 
0.09 0.833333 40 8 48 -0.00289124 9.8189e-05 
0.09 0.833333 40 8 48 0.0044456 -0.00130485 
0.09 0.833333 40 8 48 0.00369956 -0.00174713 
0.09 0.833333 40 8 48 5.44934e-05 0.00085813 
0.09 0.833333 40 8 48 -0.000322893 -4.66622e-06 
0.09 0.833333 40 8 48 -0.000302957 -0.000566931 
0.09 0.833333 40 8 48 -0.00451726 0.000602601 
0.09 0.833333 40 8 48 -0.0218224 -0.00407049 
0.09 0.833333 40 8 48 -0.116201 -0.0513053 
0.09 0.833333 40 8 48 -0.123477 -0.0532474 
0.09 0.833333 40 8 48 -0.0807226 -0.0309251 
0.09 0.833333 40 8 48 -0.0837182 0.0212712 
0.09 0.833333 40 8 48 -0.00247141 -0.00456264 
0.09 0.833333 40 8 48 -0.0108748 -0.0111565 
0.09 0.833333 40 8 48 -0.0177387 0.00838608 
0.09 0.833333 40 8 48 -0.00682255 -0.00623307 
0.09 0.833333 40 8 48 -0.00579964 -0.002584 
0.09 0.833333 40 8 48 0.00148121 -0.00333809 
0.09 0.833333 40 8 48 -0.0100411 -0.0060763 
0.09 0.833333 40 8 48 0.00378795 -0.0145851 
0.09 0.833333 40 8 48 0.00306608 -0.0114416 
0.09 0.833333 40 8 48 0.00310554 -0.0159921 
0.09 0.833333 40 8 48 0.0160279 0.0263185 
0.09 0.833333 40 8 48 -0.00265137 -0.0238209 
0.09 0.833333 40 8 48 0.0355666 0.00923169 
0.09 0.833333 40 8 48 -0.0311764 -0.000521285 
0.09 0.833333 40 8 48 -0.0278043 0.00466643 
0.09 0.833333 40 8 48 0.0118321 -0.0143927 
0.09 0.833333 40 8 48 -0.0178438 -0.00787456 
0.09 0.833333 40 8 48 -0.0226946 0.0083379 
0.09 0.833333 40 8 48 0.0142962 -0.0091209 
0.09 0.833333 40 8 48 0.00339112 0.0242874 
0.09 0.833333 40 8 48 -0.00529281 -0.0122985 
0.09 0.833333 40 8 48 0.012479 -0.0264366 
0.09 0.833333 40 8 48 0.059966 -0.0527549 
0.09 0.851064 40 7 47 0.0465374 0.00275428 
0.09 0.851064 40 7 47 0.0153216 -0.0155492 
0.09 0.851064 40 7 47 0.0183318 0.000781103 
0.09 0.851064 40 7 47 -0.0134133 -0.00180884 
0.09 0.851064 40 7 47 -0.0251911 0.0106039 
0.09 0.851064 40 7 47 -0.039927 0.0190523 
0.09 0.851064 40 7 47 0.0374648 0.0164963 
0.09 0.851064 40 7 47 0.0668628 -0.0137276 
0.09 0.851064 40 7 47 0.0297099 -0.00972635 
0.09 0.851064 40 7 47 0.0141055 -0.0108745 
0.09 0.851064 40 7 47 0.012566 -0.0142871 
0.09 0.851064 40 7 47 0.00383429 -0.00198906 
0.09 0.851064 40 7 47 0.0023085 -0.00220429 
0.09 0.851064 40 7 47 0.000783434 -0.000583992 
0.09 0.851064 40 7 47 0.00083244 0.00105645 
0.09 0.851064 40 7 47 0.000597346 0.000123418 
0.09 0.851064 40 7 47 0.000436395 0.000105474 
0.09 0.851064 40 7 47 -4.02918e-05 -0.000125998 
0.09 0.851064 40 7 47 -0.00118518 0.000304504 
0.09 0.851064 40 7 47 -0.00703816 -8.58475e-05 
0.09 0.851064 40 7 47 -0.0485998 -0.00111592 
0.09 0.851064 40 7 47 -0.131495 0.00496004 
0.09 0.851064 40 7 47 -0.108446 -0.000457077 
0.09 0.851064 40 7 47 -0.104527 -0.00564705 
0.09 0.851064 40 7 47 -0.0739353 -0.00150658 
0.09 0.851064 40 7 47 0.0141718 -0.00502323 
0.09 0.851064 40 7 47 -0.0102635 -0.00770544 
0.09 0.851064 40 7 47 -0.0217341 -0.00719799 
0.09 0.851064 40 7 47 -0.010793 0.00164072 
0.09 0.851064 40 7 47 -0.00516538 0.000385638 
0.09 0.851064 40 7 47 0.00163283 0.000230606 
0.09 0.851064 40 7 47 0.000222638 -0.000251311 
0.09 0.851064 40 7 47 0.0141152 -0.0183975 
0.09 0.851064 40 7 47 0.00641441 0.000569367 
0.09 0.851064 40 7 47 0.00606164 -0.0332574 
0.09 0.851064 40 7 47 -0.00504787 -0.000213616 
0.09 0.851064 40 7 47 0.0240491 -0.00171458 
0.09 0.851064 40 7 47 -0.0178023 -0.000246586 
0.09 0.851064 40 7 47 0.0157855 0.0366851 
0.09 0.851064 40 7 47 -0.0346117 -0.0197952 
0.09 0.851064 40 7 47 0.0111147 0.0109672 
0.09 0.851064 40 7 47 -0.0100205 -0.0224323 
0.09 0.851064 40 7 47 -0.0154587 0.00375504 
0.09 0.851064 40 7 47 0.00454487 0.0171109 
0.09 0.851064 40 7 47 0.0247924 0.0270653 
0.09 0.851064 40 7 47 0.0226694 0.025388 
0.09 0.851064 40 7 47 0.0499576 0.0219488 
0.09 0.851064 40 7 47 0.0312012 0.0278161 
0.09 0.833333 40 8 48 0.0311077 0.0062804 
0.09 0.833333 40 8 48 0.0181068 0.0193381 
0.09 0.833333 40 8 48 0.0780368 -0.00706807 
0.09 0.833333 40 8 48 0.00286923 0.00554253 
0.09 0.833333 40 8 48 0.0249758 -0.00453937 
0.09 0.833333 40 8 48 0.0199639 0.00103758 
0.09 0.833333 40 8 48 0.0611957 0.0172533 
0.09 0.833333 40 8 48 0.0283096 0.0130345 
0.09 0.833333 40 8 48 0.00660532 0.00949188 
0.09 0.833333 40 8 48 0.00178401 -0.000951038 
0.09 0.833333 40 8 48 -0.000665069 0.000404773 
0.09 0.833333 40 8 48 -0.0020753 0.000767949 
0.09 0.833333 40 8 48 -0.000732954 -0.00134293 
0.09 0.833333 40 8 48 -0.00106694 -0.000228074 
0.09 0.833333 40 8 48 -0.000188571 -0.000107675 
0.09 0.833333 40 8 48 -6.83903e-05 -0.000222048 
0.09 0.833333 40 8 48 -0.0003872 0.00156873 
0.09 0.833333 40 8 48 -0.00104612 0.0104552 
0.09 0.833333 40 8 48 -0.000367043 -0.00109186 
0.09 0.833333 40 8 48 -0.0131076 -0.0284723 
0.09 0.833333 40 8 48 -0.0795284 -0.0506681 
0.09 0.833333 40 8 48 -0.13641 -0.0487894 
0.09 0.833333 40 8 48 -0.125049 -0.027084 
0.09 0.833333 40 8 48 -0.0120681 0.0470452 
0.09 0.833333 40 8 48 -0.037751 -0.00979202 
0.09 0.833333 40 8 48 -0.0199199 -0.00715765 
0.09 0.833333 40 8 48 0.00722161 0.0289394 
0.09 0.833333 40 8 48 0.00988384 0.0127502 
0.09 0.833333 40 8 48 -0.00142764 0.00628365 
0.09 0.833333 40 8 48 0.00418095 0.0029249 
0.09 0.833333 40 8 48 -0.00433514 -0.000688838 
0.09 0.833333 40 8 48 -0.00643409 -0.00152688 
0.09 0.833333 40 8 48 0.00123601 0.00476734 
0.09 0.833333 40 8 48 -0.00932672 0.0211947 
0.09 0.833333 40 8 48 -0.0143629 -0.00914676 
0.09 0.833333 40 8 48 -0.00145361 0.000589448 
0.09 0.833333 40 8 48 0.0192671 -0.0121604 
0.09 0.833333 40 8 48 -0.0134633 0.00367719 
0.09 0.833333 40 8 48 0.0207283 -0.0161445 
0.09 0.829787 39 8 47 -0.0333565 -0.0239967 
0.09 0.829787 39 8 47 -0.0129497 0.00554006 
0.09 0.829787 39 8 47 0.00147325 -0.0404734 
0.09 0.829787 39 8 47 0.0234313 0.0153785 
0.09 0.829787 39 8 47 0.0130138 -0.0238391 
0.09 0.829787 39 8 47 0.017531 -0.0107271 
0.09 0.829787 39 8 47 0.017296 -0.0425618 
0.09 0.829787 39 8 47 -0.00812381 0.00281798 
0.09 0.829787 39 8 47 -0.00545895 -0.0142004 
0.09 0.829787 39 8 47 0.00939115 -5.60991e-06 
0.09 0.829787 39 8 47 1.64089e-05 -0.00483114 
0.09 0.829787 39 8 47 -0.0112164 0.00891665 
0.09 0.829787 39 8 47 -0.0369638 0.0248995 
0.09 0.829787 39 8 47 0.0265467 -0.00519684 
0.09 0.829787 39 8 47 0.0506283 -0.00532288 
0.09 0.829787 39 8 47 0.0120943 -0.00870327 
0.09 0.829787 39 8 47 0.0151141 0.00392858 
0.09 0.829787 39 8 47 -0.00067431 0.000919632 
0.09 0.829787 39 8 47 -0.000888572 0.00130619 
0.09 0.829787 39 8 47 -0.000657998 0.000617757 
0.09 0.829787 39 8 47 -0.000426953 0.00035215 
0.09 0.829787 39 8 47 0.000851014 -0.000562654 
0.09 0.829787 39 8 47 -0.000639426 6.00294e-05 
0.09 0.829787 39 8 47 -0.000281062 0.000164184 
0.09 0.829787 39 8 47 -0.000217709 9.47227e-05 
0.09 0.829787 39 8 47 -0.000225171 -0.00196943 
0.09 0.829787 39 8 47 -0.00490639 -0.0024051 
0.09 0.829787 39 8 47 -0.00328152 0.00646356 
0.09 0.829787 39 8 47 -0.0410613 0.0270701 
0.09 0.829787 39 8 47 -0.136339 0.0613237 
0.09 0.829787 39 8 47 -0.0890536 0.0518761 
0.09 0.829787 39 8 47 -0.0740157 0.0595937 
0.09 0.829787 39 8 47 -0.0462289 -0.0229355 
