0.09 0.165465 0.112521 -1 -1 0.2 0.2 -1 -1 
0.09 0.256194 0.112378 -1 -1 0.36 0.36 -1 -1 
0.09 0.37051 0.0879289 -1 -1 0.488 0.488 -1 -1 
0.09 0.494844 0.0230587 -1 -1 0.5904 0.5904 -0.999999 -1 
0.09 0.603737 -0.10098 -1 -1 0.67232 0.67232 -1 -0.999999 
0.09 0.673962 -0.295317 -1 -1 0.737856 0.737856 -1 -0.999999 
0.09 0.698216 -0.533778 -1 -1 0.790285 0.790285 -0.999999 -1 
0.09 0.682288 -0.73329 -1 -1 0.832228 0.832228 -0.999999 -1 
0.09 0.639434 -0.836927 -1 -1 0.865782 0.865782 -1 -1 
0.09 0.584478 -0.872712 -1 -1 0.892626 0.892626 -1 -1 
0.09 0.524579 -0.880863 -1 -1 0.914101 0.914101 -1 -1 
0.09 0.459421 -0.879792 -1 -1 0.931281 0.931281 -1 -1 
0.09 0.38477 -0.875404 -1 -1 0.945024 0.945024 -1 -1 
0.09 0.293433 -0.869116 -1 -1 0.95602 0.95602 -1 -1 
0.09 0.174346 -0.860687 -1 -1 0.964816 0.964816 -1 -1 
0.09 0.0116978 -0.848853 -1 -1 0.971853 0.971853 -1 -1 
0.09 -0.209658 -0.83106 -1 -1 0.977482 0.977482 -1 -1 
0.09 -0.476083 -0.802955 -1 -1 0.981986 0.981986 -1 -1 
0.09 -0.708076 -0.759738 -1 -1 0.985588 0.985588 -1 -1 
0.09 -0.832564 -0.702618 -1 -1 0.988471 0.988471 -0.999999 -1 
0.09 -0.875298 -0.640413 -1 -1 0.990777 0.990777 -1 -1 
0.09 -0.88499 -0.578528 -1 -1 0.992621 0.992621 -1 -1 
0.09 -0.884307 -0.516087 -1 -1 0.994097 0.994097 -0.999999 -1 
0.09 -0.880362 -0.449249 -1 -1 0.995278 0.995278 -0.999999 -1 
0.09 -0.874948 -0.372439 -1 -1 0.996222 0.996222 -1 -1 
0.09 -0.868142 -0.277691 -1 -1 0.996978 0.996978 -1 -1 
0.09 -0.859225 -0.153154 -1 -1 0.997582 0.997582 -1 -1 
0.09 -0.846668 0.017573 -1 -1 0.998066 0.998066 -1 -1 
0.09 -0.827638 0.247927 -1 -1 0.998453 0.998453 -1 -1 
0.09 -0.797517 0.51577 -1 -1 0.998762 0.998762 -1 -1 
0.09 -0.75188 0.734029 -1 -1 0.99901 0.99901 -1 -1 
0.09 -0.693384 0.842767 -1 -1 0.999208 0.999208 -1 -1 
0.09 -0.631069 0.878027 -1 1 0.999366 0.999366 -1 -1 
0.09 -0.569261 0.885271 -1 1 0.999493 0.999493 -1 -1 
0.09 -0.506449 0.883847 -1 1 0.999594 0.999594 -1 -1 
0.09 -0.438515 0.879629 -1 1 0.999675 0.999675 -0.999998 -1 
0.09 -0.359595 0.874025 -1 1 0.99974 0.99974 -1 -0.999999 
0.09 -0.261247 0.866964 -1 1 0.999792 0.999792 -1 -0.999997 
0.09 -0.13091 0.857623 -1 1 0.999834 0.999834 -0.999999 -1 
0.09 0.0482468 0.844316 -1 0.9375 0.999867 0.999867 -0.999999 -1 
0.09 0.287199 0.823956 -1 0.875 0.999894 0.999894 -0.999999 -1 
0.09 0.554286 0.791709 -1 0.8125 0.999915 0.999915 -1 -1 
0.09 0.757261 0.743712 -1 0.75 0.999932 0.999932 -1 -1 
0.09 0.851331 0.684077 1 0.6875 0.999946 0.999946 -1 -1 
0.09 0.880179 0.621747 1 0.625 0.999956 0.999956 -1 -1 
0.09 0.885378 0.559976 1 0.5625 0.999965 0.999965 -1 -1 
0.09 0.88333 0.496698 1 0.5 0.999972 0.999972 -1 -1 
0.09 0.878868 0.427537 1 0.4375 0.999978 0.999978 -1 -1 
0.09 0.87307 0.346321 1 0.375 0.999982 0.999982 -1 -1 
0.09 0.865737 0.244092 1 0.3125 0.999986 0.999986 -1 -1 
0.09 0.855934 0.107562 1 0.25 0.999989 0.999989 -1 -1 
0.09 0.841809 -0.0803418 0.953488 0.1875 0.999991 0.999991 -1 -0.999999 
0.09 0.820007 -0.327269 0.906977 0.125 0.999993 0.999993 -0.999999 -1 
0.09 0.785529 -0.591246 0.860465 0.0625 0.999994 0.999994 -1 -1 
0.09 0.73527 -0.777824 0.813953 0 0.999995 0.999995 -1 -0.999999 
0.09 0.674725 -0.858464 0.767442 -0.0625 0.999996 0.999996 -1 -0.999999 
0.09 0.612448 -0.881849 0.72093 -0.125 0.999997 0.999997 -1 -0.999999 
0.09 0.55066 -0.885341 0.674419 -0.1875 0.999998 0.999998 -1 -1 
0.09 0.486818 -0.882764 0.627907 -0.25 0.999998 0.999998 -1 -1 
0.09 0.416292 -0.878078 0.581395 -0.3125 0.999998 0.999998 -1 -1 
0.09 0.332582 -0.872082 0.534884 -0.375 0.999999 0.999999 -1 -1 
0.09 0.226173 -0.864455 0.488372 -0.4375 0.999999 0.999999 -1 -1 
0.09 0.0830475 -0.854151 0.44186 -0.5 0.999999 0.999999 -1 -1 
0.09 -0.113858 -0.839132 0.395349 -0.5625 0.999999 0.999999 -1 -1 
0.09 -0.367879 -0.815771 0.348837 -0.625 0.999999 0.999999 -1 -1 
0.09 -0.62629 -0.778973 0.302326 -0.6875 1 1 -1 -1 
0.09 -0.795828 -0.726589 0.255814 -0.75 1 1 -1 -1 
0.09 -0.864361 -0.665349 0.209302 -0.8125 1 1 -1 -1 
0.09 -0.883116 -0.603168 0.162791 -0.875 1 1 -1 -1 
0.09 -0.885182 -0.541301 0.116279 -0.9375 1 1 -1 -1 
0.09 -0.882156 -0.47679 0.0697674 -1 1 1 -1 -0.999997 
0.09 -0.87726 -0.404756 0.0232558 -1 1 1 -1 -0.999998 
0.09 -0.871058 -0.318339 -0.0232558 -1 1 1 -1 -0.995184 
0.09 -0.863115 -0.207435 -0.0697674 -1 1 1 -1 -0.98036 
0.09 -0.852264 -0.0573051 -0.116279 -1 1 1 -1 -0.95932 
0.09 -0.836272 0.148772 -0.162791 -1 0.410663 0.635198 -0.951947 -1 
0.09 -0.811229 0.40872 -0.209302 -1 0.52853 0.641826 -0.936606 -1 
0.09 -0.772043 0.659111 -0.255814 -1 0.321593 0.683831 -0.978708 -1 
0.09 -0.717707 0.811432 -0.302326 -1 0.284977 0.713197 -0.994414 -1 
0.09 -0.655968 0.869197 -0.348837 -0.714286 0.255072 0.748294 -0.990123 -1 
0.09 -0.593901 0.884045 -0.395349 -0.428571 0.234154 0.785802 -0.991894 -1 
0.09 -0.531885 0.884922 -0.44186 -0.142857 0.219305 0.795621 -0.997192 -1 
0.09 -0.466596 0.88151 -0.488372 0.142857 0.20855 0.796943 -1 -0.998256 
0.09 -0.392901 0.876415 -0.534884 0.428571 0.170777 0.746624 -0.982378 -1 
0.09 -0.303554 0.869996 -0.581395 0.714286 0.122181 0.704152 -1 -0.980763 
0.09 -0.18782 0.861711 -0.627907 1 0.0861755 0.682677 -1 -0.910426 
0.09 -0.030277 0.850265 -0.674419 1 0.105945 0.621476 -1 -0.957596 
0.09 0.185028 0.83321 -0.72093 0.95 0.1844 0.560867 -1 -0.965425 
0.09 0.449446 0.806361 -0.767442 0.9 0.254627 0.507112 -1 -0.971746 
0.09 0.689468 0.764749 -0.813953 0.85 0.309082 0.459772 -1 -0.970112 
0.09 0.824828 0.708663 -0.860465 0.8 0.340828 0.39906 -1 -0.956343 
0.09 0.873129 0.646594 -0.75 0.75 0.360365 0.343646 -1 -0.965758 
0.09 0.884693 0.584642 -0.5 0.7 0.385216 0.315582 -1 -0.963424 
0.09 0.884576 0.522398 -0.25 0.65 0.430039 0.303791 -1 -0.948666 
0.09 0.880829 0.456216 0 0.6 0.468254 0.293375 -1 -0.94789 
0.09 0.875541 0.3807 0.25 0.55 0.500163 0.289005 -1 -0.946929 
0.09 0.868894 0.288183 0.5 0.5 0.527826 0.284397 -1 -0.945675 
0.09 0.860238 0.167269 0.75 0.45 0.550701 0.277989 -1 -0.94472 
0.09 0.848142 0.00191165 0.95 0.4 0.570374 0.271247 -1 -0.946869 
0.09 0.829931 -0.222535 0.9 0.35 0.586978 0.265396 -1 -0.947835 
0.09 0.801152 -0.489674 0.85 0.3 0.601157 0.240925 -1 -0.964208 
0.09 0.757106 -0.717199 0.8 0.25 0.680925 0.225268 -1 -0.980048 
0.09 0.699492 -0.836228 0.75 0.2 0.74474 0.21461 -1 -0.966361 
0.09 0.637237 -0.876296 0.7 0.15 0.795792 0.205434 -1 -0.979397 
0.09 0.575382 -0.885107 0.65 0.1 0.836634 0.200997 -1 -0.986505 
0.09 0.512825 -0.884158 0.6 0.05 0.869307 0.196394 -1 -0.992206 
0.09 0.445629 -0.880116 0.55 0 0.895446 0.194927 -1 -0.999642 
0.09 0.368122 -0.874638 0.5 -0.05 0.916356 0.197322 -0.990026 -1 
0.09 0.272182 -0.867747 0.45 -0.1 0.933085 0.195012 -0.992115 -1 
0.09 0.145718 -0.85869 0.4 -0.15 0.946468 0.18977 -0.99087 -1 
0.09 -0.0278335 -0.845886 0.35 -0.2 0.913198 0.179081 -0.993159 -1 
0.09 -0.261163 -0.826416 0.3 -0.25 0.86117 0.192666 -0.988495 -1 
0.09 -0.529004 -0.795586 0.25 -0.3 0.81635 0.203779 -0.979638 -1 
0.09 -0.742224 -0.749139 0.2 -0.35 0.778948 0.212038 -0.989971 -1 
0.09 -0.845849 -0.690229 0.15 -0.4 0.75243 0.217695 -1 -0.990299 
0.09 -0.878818 -0.6279 0.1 -0.45 0.732204 0.198431 -0.985348 -1 
0.09 -0.885325 -0.56611 0.05 -0.5 0.723391 0.192622 -1 -0.997083 
0.09 -0.883677 -0.503151 0 -0.55 0.573829 0.210941 -1 -0.986086 
0.09 -0.879374 -0.434814 -0.05 -0.6 0.434799 0.368753 -0.990218 -1 
0.09 -0.873704 -0.355136 -0.1 -0.65 0.328864 0.495002 -0.989637 -1 
0.09 -0.866553 -0.255502 -0.15 -0.7 0.25186 0.596002 -0.99014 -1 
0.09 -0.857059 -0.123106 -0.2 -0.75 0.193774 0.676802 -0.98048 -1 
0.09 -0.843482 0.0589888 -0.25 -0.8 0.132009 0.741441 -0.97349 -1 
0.09 -0.822646 0.300732 -0.3 -0.85 0.0756288 0.793153 -0.953181 -1 
0.09 -0.789652 0.567034 -0.35 -0.9 0.0318907 0.834522 -0.916728 -1 
0.09 -0.740874 0.76454 -0.4 -0.95 -0.0189376 0.867618 -0.882142 -1 
0.09 -0.680904 0.853904 -0.45 -0.75 -0.056497 0.854628 -0.858279 -1 
0.09 -0.618586 0.880797 -0.5 -0.5 -0.0532321 0.824119 -0.872137 -1 
0.09 -0.556815 0.88538 -0.55 -0.25 -0.0239855 0.784431 -0.875323 -1 
0.09 -0.493358 0.883143 -0.6 0 0.0200113 0.737069 -0.884839 -1 
0.09 -0.423749 0.878603 -0.65 0.25 0.071078 0.693003 -0.896564 -1 
0.09 -0.341708 0.872738 -0.7 0.5 0.104381 0.657441 -0.885806 -1 
0.09 -0.238094 0.865308 -0.75 0.75 0.128064 0.626435 -0.899384 -1 
0.09 -0.0993691 0.855339 -0.8 1 0.151575 0.598945 -0.90246 -1 
0.09 0.0915677 0.840919 -0.85 0.948718 0.167744 0.571461 -0.899743 -1 
0.09 0.341017 0.818602 -0.9 0.897436 0.17962 0.547574 -0.905625 -1 
0.09 0.603381 0.783344 -0.95 0.846154 0.189618 0.527913 -0.907688 -1 
0.09 0.784219 0.732346 -1 0.794872 0.199692 0.514134 -0.90622 -1 
0.09 0.860597 0.671542 -0.714286 0.74359 0.198029 0.506252 -0.903609 -1 
0.09 0.882321 0.609294 -0.428571 0.692308 0.197502 0.508035 -0.911427 -1 
0.09 0.8853 0.547486 -0.142857 0.641026 0.226841 0.499148 -0.93042 -1 
0.09 0.882562 0.483429 0.142857 0.589744 0.248935 0.481206 -0.940511 -1 
0.09 0.877803 0.412408 0.428571 0.538462 0.273183 0.45528 -0.960878 -1 
0.09 0.871738 0.327802 0.714286 0.487179 0.299756 0.433333 -0.979807 -1 
0.09 0.864007 0.219903 1 0.435897 0.325368 0.418455 -0.991986 -1 
0.09 0.853522 0.0744442 1 0.384615 0.344506 0.407646 -1 -0.997199 
0.09 0.838182 -0.125563 0.95 0.333333 0.358717 0.400932 -1 -0.989921 
0.09 0.814264 -0.381742 0.9 0.282051 0.370776 0.397369 -1 -0.986178 
0.09 0.77666 -0.637701 0.85 0.230769 0.381932 0.393428 -1 -0.993452 
0.09 0.723593 -0.801388 0.8 0.179487 0.403803 0.366174 -1 -0.95943 
0.09 0.662163 -0.866114 0.75 0.128205 0.453038 0.318335 -1 -0.978723 
0.09 0.600019 -0.883466 0.7 0.0769231 0.56243 0.275038 -1 -0.974965 
0.09 0.538109 -0.885105 0.65 0.025641 0.649944 0.236455 -1 -0.9681 
0.09 0.473347 -0.881941 0.6 -0.025641 0.719955 0.203487 -1 -0.958522 
0.09 0.400766 -0.876976 0.55 -0.0769231 0.775964 0.177073 -1 -0.960961 
0.09 0.31338 -0.870702 0.5 -0.128205 0.820771 0.150693 -1 -0.945853 
0.09 0.200874 -0.862646 0.45 -0.179487 0.856617 0.129386 -1 -0.947035 
0.09 0.0482713 -0.851598 0.4 -0.230769 0.878887 0.112722 -1 -0.927931 
0.09 -0.16094 -0.835255 0.35 -0.282051 0.864689 0.107159 -1 -0.9099 
0.09 -0.422585 -0.809613 0.3 -0.333333 0.842361 0.108785 -1 -0.890508 
0.09 -0.669709 -0.769606 0.25 -0.384615 0.821472 0.124515 -1 -0.871819 
0.09 -0.81622 -0.714651 0.2 -0.435897 0.798761 0.142406 -1 -0.87077 
0.09 -0.870627 -0.652783 0.15 -0.487179 0.773584 0.166813 -1 -0.870867 
0.09 -0.884294 -0.590756 0.1 -0.538462 0.750397 0.188903 -1 -0.852028 
0.09 -0.884814 -0.528671 0.05 -0.589744 0.734973 0.186699 -1 -0.879852 
0.09 -0.881282 -0.463092 0 -0.641026 0.732425 0.180757 -1 -0.909921 
0.09 -0.876121 -0.388797 -0.05 -0.692308 0.70017 0.183424 -1 -0.89366 
0.09 -0.869626 -0.298401 -0.1 -0.74359 0.615944 0.20375 -1 -0.889225 
0.09 -0.861219 -0.180948 -0.15 -0.794872 0.522421 0.313576 -1 -0.906533 
0.09 -0.849558 -0.0207944 -0.2 -0.846154 0.443668 0.450861 -1 -0.897368 
0.09 -0.832122 0.197633 -0.25 -0.897436 0.371403 0.560689 -1 -0.88878 
0.09 -0.804631 0.463186 -0.3 -0.948718 0.307044 0.648551 -1 -0.879064 
0.09 -0.762191 0.699188 -0.35 -1 0.242159 0.699968 -1 -0.869594 
0.09 -0.70556 0.828914 -0.4 -1 0.187313 0.708331 -1 -0.861969 
0.09 -0.643414 0.874285 -0.45 -0.75 0.152502 0.706097 -1 -0.861293 
0.09 -0.581497 0.884858 -0.5 -0.5 0.132409 0.696176 -1 -0.871424 
0.09 -0.519157 0.884442 -0.55 -0.25 0.125917 0.682847 -1 -0.875807 
0.09 -0.452644 0.88059 -0.6 0 0.120909 0.671079 -1 -0.874562 
0.09 -0.376471 0.875238 -0.65 0.25 0.10613 0.662542 -1 -0.867794 
0.09 -0.282821 0.868509 -0.7 0.5 0.0942188 0.655139 -1 -0.867124 
0.09 -0.160064 0.859721 -0.75 0.75 0.0802231 0.652489 -1 -0.864155 
0.09 0.0080354 0.847391 -0.8 0.95 0.0660382 0.660283 -1 -0.867923 
0.09 0.235538 0.828765 -0.85 0.9 0.0531569 0.66563 -1 -0.868583 
0.09 0.503154 0.799302 -0.9 0.85 0.0421891 0.667286 -1 -0.870096 
0.09 0.726005 0.754435 -0.95 0.8 0.0328028 0.663501 -1 -0.871559 
0.09 0.839685 0.696354 -1 0.75 0.0304094 0.657132 -1 -0.872799 
0.09 0.87722 0.634063 -0.75 0.7 0.0311129 0.648759 -1 -0.880464 
0.09 0.885201 0.572234 -0.5 0.65 0.0446814 0.628301 -1 -0.875768 
0.09 0.884001 0.509551 -0.25 0.6 0.081092 0.603423 -1 -0.880675 
0.09 0.879867 0.441982 0 0.55 0.105862 0.584471 -1 -0.856081 
0.09 0.874324 0.363759 0.25 0.5 0.125905 0.571531 -1 -0.863242 
0.09 0.867347 0.266595 0.5 0.45 0.149959 0.56372 -1 -0.888807 
0.09 0.858146 0.13816 0.75 0.4 0.182152 0.552545 -1 -0.897877 
0.09 0.845086 -0.0382569 0.95 0.35 0.214103 0.536538 -1 -0.904933 
0.09 0.825165 -0.274508 0.9 0.3 0.247984 0.519177 -1 -0.904574 
0.09 0.793612 -0.542087 0.85 0.25 0.280978 0.502822 -1 -0.90417 
0.09 0.746363 -0.750106 0.8 0.2 0.312662 0.482205 -1 -0.906 
0.09 0.687067 -0.84875 0.75 0.15 0.362132 0.431684 -1 -0.905774 
0.09 0.624734 -0.879546 0.7 0.1 0.477878 0.389127 -1 -0.90816 
0.09 0.562956 -0.885361 0.65 0.05 0.582303 0.349911 -1 -0.907005 
0.09 0.499838 -0.883501 0.6 0 0.665842 0.31636 -1 -0.908417 
0.09 0.431085 -0.879115 0.55 -0.05 0.732674 0.290977 -1 -0.909092 
0.09 0.350626 -0.87338 0.5 -0.1 0.786139 0.269001 -1 -0.916359 
0.09 0.249673 -0.866136 0.45 -0.15 0.828911 0.247516 -1 -0.927571 
0.09 0.115173 -0.856486 0.4 -0.2 0.863129 0.230439 -1 -0.910391 
0.09 -0.0698951 -0.84263 0.35 -0.25 0.86272 0.210517 -1 -0.900056 
0.09 -0.314348 -0.821304 0.3 -0.3 0.83251 0.201825 -1 -0.90589 
0.09 -0.579587 -0.787552 0.25 -0.35 0.802397 0.207307 -1 -0.918612 
0.09 -0.771515 -0.738005 0.2 -0.4 0.772543 0.210746 -1 -0.94042 
0.09 -0.85632 -0.677727 0.15 -0.45 0.742379 0.219298 -1 -0.929046 
0.09 -0.881361 -0.615427 0.1 -0.5 0.716467 0.231942 -1 -0.923549 
0.09 -0.885367 -0.553651 0.05 -0.55 0.697575 0.22717 -1 -0.920468 
0.09 -0.882951 -0.490001 0 -0.6 0.696118 0.206388 -1 -0.904384 
0.09 -0.878334 -0.419929 -0.05 -0.65 0.672112 0.22312 -1 -0.872204 
0.09 -0.872403 -0.33704 -0.1 -0.7 0.60366 0.24759 -1 -0.875455 
0.09 -0.864872 -0.232005 -0.15 -0.75 0.51205 0.303319 -1 -0.873234 
0.09 -0.854733 -0.0910391 -0.2 -0.8 0.438969 0.442655 -1 -0.871948 
0.09 -0.84001 0.102957 -0.25 -0.85 0.369557 0.554124 -1 -0.871879 
0.09 -0.817162 0.354816 -0.3 -0.9 0.311472 0.643299 -1 -0.867711 
0.09 -0.781116 0.615281 -0.35 -0.95 0.254163 0.714639 -1 -0.865973 
0.09 -0.729396 0.790324 -0.4 -1 0.193177 0.753458 -1 -0.863741 
0.09 -0.668357 0.862594 -0.45 -0.714286 0.138567 0.74911 -1 -0.862155 
0.09 -0.606142 0.882749 -0.5 -0.428571 0.107082 0.734166 -1 -0.866694 
0.09 -0.544307 0.885245 -0.55 -0.142857 0.0972961 0.7146 -1 -0.879609 
0.09 -0.480023 0.882356 -0.6 0.142857 0.0992801 0.694752 -1 -0.876494 
0.09 -0.408489 0.877526 -0.65 0.428571 0.102074 0.677863 -1 -0.880188 
0.09 -0.322964 0.87139 -0.7 0.714286 0.103791 0.663911 -1 -0.881121 
0.09 -0.213536 0.863552 -0.75 1 0.0988246 0.656603 -1 -0.881612 
0.09 -0.0656969 0.852881 -0.8 1 0.0938568 0.654056 -1 -0.89099 
0.09 0.137427 0.83721 -0.85 0.95 0.0880468 0.651949 -1 -0.895943 
0.09 0.395619 0.81272 -0.9 0.9 0.0836359 0.648951 -1 -0.897368 
0.09 0.648845 0.774305 -0.95 0.85 0.0785365 0.638442 -1 -0.896788 
0.09 0.806679 0.720575 -1 0.8 0.0701198 0.617804 -1 -0.907766 
0.09 0.867752 0.658976 -0.714286 0.75 0.0524905 0.58493 -1 -0.917316 
0.09 0.88378 0.596872 -0.428571 0.7 0.0374041 0.557389 -1 -0.911485 
0.09 0.885016 0.534911 -0.142857 0.65 0.0613241 0.543397 -1 -0.900652 
0.09 0.881721 0.469884 0.142857 0.6 0.0961631 0.533413 -1 -0.903899 
0.09 0.876689 0.396739 0.428571 0.55 0.125873 0.526548 -1 -0.892212 
0.09 0.870341 0.308357 0.714286 0.5 0.148211 0.526167 -1 -0.893706 
0.09 0.862169 0.194209 1 0.45 0.171118 0.522602 -1 -0.9055 
0.09 0.850919 0.039087 1 0.4 0.197924 0.513364 -1 -0.91308 
0.09 0.834215 -0.173261 0.95 0.35 0.22809 0.501353 -1 -0.910317 
0.09 0.807958 -0.436422 0.9 0.3 0.256843 0.49103 -1 -0.910861 
0.09 0.767127 -0.680014 0.85 0.25 0.281206 0.482469 -1 -0.920905 
0.09 0.711578 -0.820761 0.8 0.2 0.301852 0.470475 -1 -0.883321 
0.09 0.649599 -0.871958 0.75 0.15 0.340465 0.411939 -1 -0.910342 
0.09 0.587611 -0.884513 0.7 0.1 0.457948 0.365359 -1 -0.903147 
0.09 0.525449 -0.884696 0.65 0.05 0.566359 0.328759 -1 -0.905862 
0.09 0.459566 -0.881051 0.6 0 0.653087 0.297525 -1 -0.906638 
0.09 0.384652 -0.875825 0.55 -0.05 0.72247 0.271838 -1 -0.906966 
0.09 0.293178 -0.869252 0.5 -0.1 0.777976 0.251086 -1 -0.90747 
0.09 0.173964 -0.860719 0.45 -0.15 0.822381 0.231325 -1 -0.911099 
0.09 0.0111556 -0.848837 0.4 -0.2 0.857904 0.220815 -1 -0.911499 
0.09 -0.210379 -0.831008 0.35 -0.25 0.850413 0.213246 -1 -0.92117 
0.09 -0.476853 -0.80286 0.3 -0.3 0.827213 0.213712 -1 -0.920147 
0.09 -0.7086 -0.759594 0.25 -0.35 0.802277 0.212906 -1 -0.923358 
0.09 -0.832777 -0.702444 0.2 -0.4 0.77632 0.21466 -1 -0.923076 
0.09 -0.875356 -0.640235 0.15 -0.45 0.750364 0.226969 -1 -0.92842 
0.09 -0.884997 -0.578352 0.1 -0.5 0.72654 0.233121 -1 -0.926995 
0.09 -0.884299 -0.515905 0.05 -0.55 0.713132 0.226825 -1 -0.948016 
0.09 -0.880348 -0.449047 0 -0.6 0.718985 0.19453 -1 -0.950693 
0.09 -0.874931 -0.372198 -0.05 -0.65 0.710779 0.16362 -1 -0.914591 
0.09 -0.86812 -0.277384 -0.1 -0.7 0.658703 0.138387 -1 -0.897581 
0.09 -0.859195 -0.152741 -0.15 -0.75 0.551979 0.190845 -1 -0.908081 
0.09 -0.846625 0.0181431 -0.2 -0.8 0.465416 0.352676 -1 -0.91263 
0.09 -0.82757 0.248665 -0.25 -0.85 0.389715 0.482141 -1 -0.913452 
0.09 -0.79741 0.516515 -0.3 -0.9 0.321611 0.585713 -1 -0.914823 
0.09 -0.751727 0.734496 -0.35 -0.95 0.234948 0.66857 -1 -0.916996 
0.09 -0.693208 0.842945 -0.4 -1 0.166096 0.734856 -1 -0.925485 
0.09 -0.630891 0.878073 -0.45 -0.75 0.124074 0.749581 -1 -0.935495 
0.09 -0.569085 0.885274 -0.5 -0.5 0.0985533 0.746741 -1 -0.946204 
0.09 -0.506265 0.883837 -0.55 -0.25 0.0899148 0.734435 -1 -0.938751 
0.09 -0.438308 0.879615 -0.6 0 0.0894973 0.718769 -1 -0.933264 
0.09 -0.359347 0.874007 -0.65 0.25 0.0881918 0.704809 -1 -0.941992 
0.09 -0.260928 0.866941 -0.7 0.5 0.0819721 0.688006 -1 -0.93748 
0.09 -0.130476 0.857592 -0.75 0.75 0.0749833 0.67455 -1 -0.93453 
0.09 0.0488439 0.84427 -0.8 0.95 0.0747397 0.664332 -1 -0.931171 
0.09 0.287954 0.823884 -0.85 0.9 0.0751873 0.653441 -1 -0.930597 
0.09 0.555004 0.791595 -0.9 0.85 0.0759081 0.64103 -1 -0.930499 
0.09 0.757676 0.743554 -0.95 0.8 0.0800986 0.626669 -1 -0.93077 
0.09 0.851479 0.683899 -0.75 0.75 0.0842044 0.613145 -1 -0.921294 
0.09 0.880215 0.62157 -0.5 0.7 0.113581 0.60535 -1 -0.928782 
0.09 0.885379 0.559799 -0.25 0.65 0.154569 0.584205 -1 -0.925395 
0.09 0.88332 0.496512 0 0.6 0.18382 0.564346 -1 -0.921432 
0.09 0.878853 0.427326 0.25 0.55 0.196838 0.551055 -1 -0.916209 
0.09 0.873052 0.346064 0.5 0.5 0.210475 0.542946 -1 -0.907374 
0.09 0.865713 0.243758 0.75 0.45 0.222754 0.535234 -1 -0.892785 
0.09 0.855901 0.107107 1 0.4 0.235685 0.526946 -1 -0.913296 
0.09 0.84176 -0.080966 0.948718 0.35 0.256779 0.513497 -1 -0.908203 
0.09 0.81993 -0.328037 0.897436 0.3 0.279531 0.498539 -1 -0.907059 
0.09 0.785408 -0.591931 0.846154 0.25 0.303212 0.484546 -1 -0.905207 
0.09 0.735107 -0.778189 0.794872 0.2 0.330007 0.448237 -1 -0.902558 
0.09 0.674546 -0.858587 0.74359 0.15 0.399645 0.39907 -1 -0.904189 
0.09 0.612271 -0.881877 0.692308 0.1 0.519716 0.359631 -1 -0.900849 
0.09 0.550482 -0.885339 0.641026 0.05 0.615773 0.324135 -1 -0.898385 
0.09 0.486629 -0.882753 0.589744 0 0.692618 0.293457 -1 -0.897065 
0.09 0.416076 -0.878063 0.538462 -0.05 0.754095 0.265107 -1 -0.89659 
0.09 0.332316 -0.872063 0.487179 -0.1 0.803276 0.24028 -1 -0.892111 
0.09 0.225825 -0.86443 0.435897 -0.15 0.842621 0.220157 -1 -0.898379 
0.09 0.0825697 -0.854116 0.384615 -0.2 0.838351 0.204522 -1 -0.895131 
0.09 -0.114509 -0.83908 0.333333 -0.25 0.82122 0.196741 -1 -0.871036 
0.09 -0.368654 -0.815688 0.282051 -0.3 0.795967 0.191299 -1 -0.862399 
0.09 -0.626936 -0.778844 0.230769 -0.35 0.774054 0.2008 -1 -0.858613 
0.09 -0.796146 -0.726422 0.179487 -0.4 0.750267 0.20879 -1 -0.88025 
0.09 -0.864462 -0.665171 0.128205 -0.45 0.725312 0.221734 -1 -0.870474 
0.09 -0.883136 -0.602991 0.0769231 -0.5 0.704183 0.236011 -1 -0.874846 
0.09 -0.885178 -0.541122 0.025641 -0.55 0.689579 0.22745 -1 -0.877121 
0.09 -0.882144 -0.476598 -0.025641 -0.6 0.686645 0.225555 -1 -0.848438 
0.09 -0.877245 -0.404534 -0.0769231 -0.65 0.634044 0.24763 -1 -0.852218 
0.09 -0.871038 -0.318063 -0.128205 -0.7 0.5154 0.297806 -1 -0.861154 
0.09 -0.863089 -0.20707 -0.179487 -0.75 0.411519 0.402277 -1 -0.850766 
0.09 -0.852227 -0.0568033 -0.230769 -0.8 0.351117 0.521821 -1 -0.843743 
0.09 -0.836215 0.149449 -0.282051 -0.85 0.297555 0.617457 -1 -0.839036 
0.09 -0.811139 0.409497 -0.333333 -0.9 0.243378 0.693966 -1 -0.834762 
0.09 -0.771908 0.659712 -0.384615 -0.95 0.196622 0.739371 -1 -0.829165 
0.09 -0.717536 0.811707 -0.435897 -1 0.159499 0.712086 -1 -0.825164 
0.09 -0.65579 0.86928 -0.487179 -0.714286 0.130651 0.692134 -1 -0.816291 
0.09 -0.593725 0.88406 -0.538462 -0.428571 0.11578 0.67889 -1 -0.814086 
0.09 -0.531705 0.884916 -0.589744 -0.142857 0.106896 0.668563 -1 -0.814382 
0.09 -0.4664 0.881497 -0.641026 0.142857 0.101852 0.660039 -1 -0.814496 
0.09 -0.392673 0.876399 -0.692308 0.428571 0.0933526 0.650483 -1 -0.806107 
0.09 -0.303267 0.869976 -0.74359 0.714286 0.0856974 0.642951 -1 -0.809823 
0.09 -0.187438 0.861684 -0.794872 1 0.0732683 0.645778 -1 -0.812202 
0.09 -0.0297502 0.850226 -0.846154 1 0.058702 0.655299 -1 -0.822085 
0.09 0.18573 0.83315 -0.897436 0.95 0.0458853 0.661891 -1 -0.827601 
0.09 0.450217 0.806265 -0.948718 0.9 0.0343746 0.666687 -1 -0.829982 
0.09 0.690021 0.764607 -1 0.85 0.0230385 0.663527 -1 -0.831949 
0.09 0.825063 0.708489 -1 0.8 0.00926763 0.651868 -1 -0.842808 
0.09 0.873196 0.646416 -0.75 0.75 -0.0134175 0.627011 -1 -0.850173 
0.09 0.884703 0.584466 -0.5 0.7 -0.0326008 0.604814 -1 -0.834579 
0.09 0.884569 0.522217 -0.25 0.65 -0.0111966 0.594421 -1 -0.823057 
0.09 0.880816 0.456016 0 0.6 0.0291182 0.580968 -1 -0.829776 
0.09 0.875524 0.380464 0.25 0.55 0.066768 0.570795 -1 -0.817788 
0.09 0.868872 0.287885 0.5 0.5 0.0961595 0.561274 -1 -0.814576 
0.09 0.86021 0.166868 0.75 0.45 0.128186 0.547392 -1 -0.83571 
0.09 0.848101 0.00135901 0.95 0.4 0.166352 0.532865 -1 -0.840874 
0.09 0.829867 -0.22326 0.9 0.35 0.202945 0.516288 -1 -0.841483 
0.09 0.801049 -0.490431 0.85 0.3 0.238116 0.502831 -1 -0.841717 
0.09 0.756958 -0.717701 0.8 0.25 0.269318 0.491721 -1 -0.847528 
0.09 0.699317 -0.836427 0.75 0.2 0.2992 0.473765 -1 -0.811893 
0.09 0.637059 -0.87635 0.7 0.15 0.342219 0.413848 -1 -0.841561 
0.09 0.575206 -0.885113 0.65 0.1 0.465217 0.36677 -1 -0.834288 
0.09 0.512642 -0.884149 0.6 0.05 0.572174 0.330157 -1 -0.838918 
0.09 0.445426 -0.880102 0.55 0 0.657739 0.300545 -1 -0.83951 
0.09 0.367879 -0.874621 0.5 -0.05 0.726191 0.274546 -1 -0.842044 
0.09 0.271871 -0.867725 0.45 -0.1 0.780953 0.253951 -1 -0.843487 
0.09 0.145298 -0.85866 0.4 -0.15 0.824762 0.234408 -1 -0.853923 
0.09 -0.0284128 -0.845841 0.35 -0.2 0.85981 0.224511 -1 -0.856446 
0.09 -0.261907 -0.826347 0.3 -0.25 0.84813 0.220403 -1 -0.858268 
0.09 -0.52974 -0.795476 0.25 -0.3 0.81607 0.223122 -1 -0.85649 
0.09 -0.742673 -0.748984 0.2 -0.35 0.78614 0.225254 -1 -0.862864 
0.09 -0.846016 -0.690052 0.15 -0.4 0.755862 0.228485 -1 -0.863175 
0.09 -0.87886 -0.627723 0.1 -0.45 0.728963 0.240728 -1 -0.861104 
0.09 -0.885328 -0.565933 0.05 -0.5 0.703315 0.250646 -1 -0.85671 
0.09 -0.883667 -0.502966 0 -0.55 0.685868 0.24748 -1 -0.861146 
0.09 -0.879359 -0.434606 -0.05 -0.6 0.691229 0.21707 -1 -0.844909 
0.09 -0.873686 -0.354885 -0.1 -0.65 0.686686 0.184378 -1 -0.805813 
0.09 -0.86653 -0.255178 -0.15 -0.7 0.641605 0.156276 -1 -0.788303 
0.09 -0.857028 -0.122666 -0.2 -0.75 0.537362 0.203833 -1 -0.798627 
0.09 -0.843435 0.059595 -0.25 -0.8 0.452612 0.363066 -1 -0.804187 
0.09 -0.822572 0.301492 -0.3 -0.85 0.376841 0.490453 -1 -0.805537 
0.09 -0.789536 0.567742 -0.35 -0.9 0.307399 0.592362 -1 -0.807055 
0.09 -0.740714 0.764939 -0.4 -0.95 0.225739 0.67389 -1 -0.808068 
0.09 -0.680726 0.854043 -0.45 -0.75 0.161587 0.739112 -1 -0.814916 
0.09 -0.618409 0.88083 -0.5 -0.5 0.121322 0.753921 -1 -0.823945 
0.09 -0.556638 0.88538 -0.55 -0.25 0.0964732 0.75078 -1 -0.835068 
0.09 -0.49317 0.883132 -0.6 0 0.0884292 0.736563 -1 -0.822553 
0.09 -0.423536 0.878588 -0.65 0.25 0.0875421 0.717335 -1 -0.8138 
0.09 -0.341448 0.87272 -0.7 0.5 0.0917552 0.701452 -1 -0.820072 
0.09 -0.237755 0.865284 -0.75 0.75 0.082254 0.681361 -1 -0.817032 
0.09 -0.0989064 0.855306 -0.8 1 0.0826 0.67788 -1 -0.806021 
0.09 0.092201 0.840869 -0.85 0.948718 0.08036 0.668531 -1 -0.808263 
0.09 0.341788 0.818522 -0.9 0.897436 0.0795317 0.654191 -1 -0.806317 
0.09 0.604053 0.783221 -0.95 0.846154 0.0818546 0.637181 -1 -0.805067 
0.09 0.784568 0.732182 -1 0.794872 0.0886121 0.618364 -1 -0.805153 
0.09 0.860712 0.671363 -0.714286 0.74359 0.0991356 0.599284 -1 -0.793505 
0.09 0.882346 0.609117 -0.428571 0.692308 0.122251 0.577142 -1 -0.792832 
0.09 0.885297 0.547308 -0.142857 0.641026 0.163953 0.552334 -1 -0.78566 
0.09 0.882551 0.483239 0.142857 0.589744 0.187131 0.535773 -1 -0.769954 
0.09 0.877788 0.412189 0.428571 0.538462 0.20378 0.527383 -1 -0.757202 
0.09 0.871719 0.327533 0.714286 0.487179 0.215954 0.520225 -1 -0.738428 
0.09 0.863982 0.219549 1 0.435897 0.225435 0.516568 -1 -0.73488 
0.09 0.853486 0.0739584 1 0.384615 0.238988 0.512664 -1 -0.752303 
0.09 0.838128 -0.126223 0.95 0.333333 0.258699 0.50165 -1 -0.745 
0.09 0.814178 -0.382519 0.9 0.282051 0.281274 0.491859 -1 -0.748108 
0.09 0.77653 -0.638332 0.85 0.230769 0.302761 0.482048 -1 -0.744226 
0.09 0.723424 -0.801691 0.8 0.179487 0.322557 0.451682 -1 -0.707104 
0.09 0.661984 -0.866209 0.75 0.128205 0.373985 0.393205 -1 -0.731385 
0.09 0.599843 -0.883485 0.7 0.0769231 0.499188 0.34748 -1 -0.728821 
0.09 0.537931 -0.8851 0.65 0.025641 0.599351 0.311488 -1 -0.724049 
0.09 0.473154 -0.881929 0.6 -0.025641 0.67948 0.278363 -1 -0.726099 
0.09 0.400542 -0.87696 0.55 -0.0769231 0.743584 0.250813 -1 -0.724627 
0.09 0.313101 -0.870682 0.5 -0.128205 0.794868 0.225723 -1 -0.718658 
0.09 0.200503 -0.862619 0.45 -0.179487 0.835894 0.204471 -1 -0.723859 
0.09 0.0477611 -0.85156 0.4 -0.230769 0.828955 0.186683 -1 -0.717302 
0.09 -0.161626 -0.835198 0.35 -0.282051 0.811545 0.182605 -1 -0.691969 
0.09 -0.423361 -0.809521 0.3 -0.333333 0.790317 0.185182 -1 -0.686797 
0.09 -0.670293 -0.769468 0.25 -0.384615 0.770614 0.196558 -1 -0.689812 
0.09 -0.81648 -0.71448 0.2 -0.435897 0.753625 0.206031 -1 -0.714194 
0.09 -0.870704 -0.652604 0.15 -0.487179 0.731073 0.217801 -1 -0.712492 
0.09 -0.884307 -0.59058 0.1 -0.538462 0.714983 0.232991 -1 -0.708076 
0.09 -0.884807 -0.528491 0.05 -0.589744 0.704311 0.225273 -1 -0.717835 
0.09 -0.881269 -0.462895 0 -0.641026 0.707842 0.218444 -1 -0.692378 
0.09 -0.876105 -0.388566 -0.05 -0.692308 0.684969 0.217614 -1 -0.672486 
0.09 -0.869606 -0.29811 -0.1 -0.74359 0.613838 0.230688 -1 -0.664517 
0.09 -0.861191 -0.18056 -0.15 -0.794872 0.526438 0.332586 -1 -0.682436 
0.09 -0.849518 -0.0202589 -0.2 -0.846154 0.454833 0.466069 -1 -0.676674 
0.09 -0.83206 0.198343 -0.25 -0.897436 0.390265 0.572855 -1 -0.670789 
0.09 -0.804533 0.463953 -0.3 -0.948718 0.327574 0.658284 -1 -0.663734 
0.09 -0.762047 0.699723 -0.35 -1 0.26953 0.696148 -1 -0.654698 
0.09 -0.705386 0.829136 -0.4 -1 0.221145 0.699164 -1 -0.650097 
0.09 -0.643236 0.874347 -0.45 -0.75 0.193337 0.694514 -1 -0.64928 
0.09 -0.581321 0.884866 -0.5 -0.5 0.177221 0.684822 -1 -0.666036 
0.09 -0.518975 0.884434 -0.55 -0.25 0.16925 0.673489 -1 -0.672673 
0.09 -0.452443 0.880577 -0.6 0 0.160236 0.663918 -1 -0.67375 
0.09 -0.376233 0.875221 -0.65 0.25 0.146085 0.654217 -1 -0.68138 
0.09 -0.282519 0.868488 -0.7 0.5 0.133007 0.643969 -1 -0.681021 
0.09 -0.159657 0.859692 -0.75 0.75 0.115984 0.638978 -1 -0.677752 
0.09 0.00859701 0.847349 -0.8 0.95 0.102039 0.644203 -1 -0.679183 
0.09 0.23627 0.828698 -0.85 0.9 0.0930637 0.646494 -1 -0.68173 
0.09 0.503905 0.799197 -0.9 0.85 0.0859831 0.641758 -1 -0.679279 
0.09 0.726488 0.754285 -0.95 0.8 0.0847243 0.632368 -1 -0.679324 
0.09 0.839873 0.696179 -1 0.75 0.0890504 0.620895 -1 -0.676383 
0.09 0.877269 0.633885 -0.75 0.7 0.094159 0.609457 -1 -0.673418 
0.09 0.885206 0.572058 -0.5 0.65 0.110427 0.588675 -1 -0.674015 
0.09 0.883992 0.509368 -0.25 0.6 0.150191 0.565318 -1 -0.664252 
0.09 0.879853 0.441777 0 0.55 0.162109 0.548206 -1 -0.651824 
0.09 0.874307 0.363513 0.25 0.5 0.17692 0.541455 -1 -0.644262 
0.09 0.867325 0.26628 0.5 0.45 0.192377 0.535742 -1 -0.648822 
0.09 0.858115 0.137733 0.75 0.4 0.210832 0.526974 -1 -0.659521 
0.09 0.845041 -0.0388453 0.95 0.35 0.233915 0.517567 -1 -0.657055 
0.09 0.825094 -0.275258 0.9 0.3 0.255265 0.508342 -1 -0.66175 
0.09 0.7935 -0.542814 0.85 0.25 0.279172 0.497744 -1 -0.65912 
0.09 0.746207 -0.750538 0.8 0.2 0.303429 0.482468 -1 -0.662515 
0.09 0.68689 -0.848907 0.75 0.15 0.352563 0.433371 -1 -0.649441 
0.09 0.624557 -0.879585 0.7 0.1 0.468949 0.392056 -1 -0.658642 
0.09 0.562779 -0.885362 0.65 0.05 0.575159 0.353657 -1 -0.656341 
0.09 0.499653 -0.883491 0.6 0 0.660127 0.321287 -1 -0.657535 
0.09 0.430875 -0.8791 0.55 -0.05 0.728102 0.29597 -1 -0.660392 
0.09 0.350372 -0.873362 0.5 -0.1 0.782481 0.2742 -1 -0.667896 
0.09 0.249345 -0.866113 0.45 -0.15 0.825985 0.252256 -1 -0.678531 
0.09 0.114725 -0.856453 0.4 -0.2 0.860788 0.236286 -1 -0.66418 
0.09 -0.0705106 -0.842582 0.35 -0.25 0.861007 0.21695 -1 -0.653567 
0.09 -0.315113 -0.821228 0.3 -0.3 0.829756 0.209023 -1 -0.66391 
0.09 -0.580283 -0.787433 0.25 -0.35 0.802088 0.213871 -1 -0.671102 
0.09 -0.771897 -0.737844 0.2 -0.4 0.772468 0.217738 -1 -0.687528 
0.09 -0.856451 -0.677549 0.15 -0.45 0.743342 0.227839 -1 -0.675426 
0.09 -0.881392 -0.615251 0.1 -0.5 0.719012 0.242134 -1 -0.663103 
0.09 -0.885366 -0.553474 0.05 -0.55 0.699461 0.236703 -1 -0.645245 
0.09 -0.88294 -0.489813 0 -0.6 0.702206 0.219308 -1 -0.624999 
0.09 -0.878319 -0.419714 -0.05 -0.65 0.679483 0.226227 -1 -0.574095 
0.09 -0.872384 -0.336777 -0.1 -0.7 0.614054 0.251765 -1 -0.579276 
0.09 -0.864848 -0.231662 -0.15 -0.75 0.509679 0.312738 -1 -0.575049 
0.09 -0.854699 -0.0905687 -0.2 -0.8 0.434822 0.45019 -1 -0.571971 
0.09 -0.839958 0.1036 -0.25 -0.85 0.367377 0.560152 -1 -0.575402 
0.09 -0.81708 0.35559 -0.3 -0.9 0.306769 0.648122 -1 -0.574993 
0.09 -0.78099 0.61594 -0.35 -0.95 0.2482 0.718497 -1 -0.575166 
0.09 -0.72923 0.790658 -0.4 -1 0.186054 0.750558 -1 -0.575035 
0.09 -0.668178 0.862702 -0.45 -0.714286 0.134937 0.745023 -1 -0.573917 
0.09 -0.605965 0.882772 -0.5 -0.428571 0.111222 0.731066 -1 -0.585037 
0.09 -0.544129 0.885242 -0.55 -0.142857 0.106592 0.711624 -1 -0.599771 
0.09 -0.479832 0.882344 -0.6 0.142857 0.116203 0.690915 -1 -0.601856 
0.09 -0.408268 0.87751 -0.65 0.428571 0.126513 0.672296 -1 -0.605713 
0.09 -0.322691 0.871371 -0.7 0.714286 0.132067 0.657574 -1 -0.610248 
0.09 -0.213177 0.863526 -0.75 1 0.132299 0.653455 -1 -0.616215 
0.09 -0.0652029 0.852845 -0.8 1 0.132358 0.649804 -1 -0.614794 
0.09 0.138096 0.837155 -0.85 0.95 0.125794 0.643781 -1 -0.62337 
0.09 0.396396 0.812632 -0.9 0.9 0.121115 0.63867 -1 -0.626917 
0.09 0.649461 0.774172 -0.95 0.85 0.113316 0.628808 -1 -0.628408 
0.09 0.806967 0.720405 -1 0.8 0.108081 0.60582 -1 -0.639823 
0.09 0.86784 0.658798 -0.714286 0.75 0.0936346 0.56944 -1 -0.644663 
0.09 0.883797 0.596695 -0.428571 0.7 0.0806579 0.538728 -1 -0.635655 
0.09 0.88501 0.534732 -0.142857 0.65 0.10815 0.527382 -1 -0.623822 
0.09 0.881709 0.469689 0.142857 0.6 0.138556 0.52511 -1 -0.621046 
0.09 0.876673 0.396512 0.428571 0.55 0.159739 0.521996 -1 -0.594717 
0.09 0.870321 0.308074 0.714286 0.5 0.177038 0.51779 -1 -0.594857 
0.09 0.862142 0.193833 1 0.45 0.201029 0.512402 -1 -0.591529 
0.09 0.85088 0.0385684 1 0.4 0.222171 0.50712 -1 -0.595077 
0.09 0.834156 -0.173955 0.95 0.35 0.242833 0.499685 -1 -0.593885 
0.09 0.807865 -0.437196 0.9 0.3 0.263805 0.493551 -1 -0.590863 
0.09 0.766987 -0.680582 0.85 0.25 0.280632 0.491671 -1 -0.585861 
0.09 0.711406 -0.821008 0.8 0.2 0.293898 0.479404 -1 -0.560593 
0.09 0.64942 -0.87203 0.75 0.15 0.326983 0.423051 -1 -0.584802 
0.09 0.587435 -0.884524 0.7 0.1 0.451591 0.376675 -1 -0.573643 
0.09 0.525268 -0.884689 0.65 0.05 0.561273 0.339174 -1 -0.575159 
0.09 0.459367 -0.881038 0.6 0 0.649018 0.306905 -1 -0.579835 
0.09 0.384419 -0.875808 0.55 -0.05 0.719214 0.280894 -1 -0.579879 
0.09 0.292884 -0.869231 0.5 -0.1 0.775372 0.258548 -1 -0.580676 
0.09 0.17357 -0.86069 0.45 -0.15 0.820297 0.23891 -1 -0.586238 
0.09 0.0106114 -0.848796 0.4 -0.2 0.856238 0.228999 -1 -0.583676 
0.09 -0.211097 -0.830944 0.35 -0.25 0.853864 0.221348 -1 -0.597113 
0.09 -0.477615 -0.80276 0.3 -0.3 0.83132 0.22021 -1 -0.598709 
0.09 -0.709118 -0.759447 0.25 -0.35 0.806783 0.220554 -1 -0.60212 
0.09 -0.832987 -0.702269 0.2 -0.4 0.781598 0.225479 -1 -0.597724 
0.09 -0.875414 -0.640057 0.15 -0.45 0.75676 0.237032 -1 -0.597482 
0.09 -0.885004 -0.578176 0.1 -0.5 0.737785 0.244144 -1 -0.59379 
0.09 -0.884291 -0.515723 0.05 -0.55 0.726023 0.234751 -1 -0.612276 
0.09 -0.880335 -0.448845 0 -0.6 0.729129 0.211636 -1 -0.581889 
0.09 -0.874914 -0.371958 -0.05 -0.65 0.716612 0.178026 -1 -0.51046 
0.09 -0.868098 -0.277078 -0.1 -0.7 0.665689 0.150792 -1 -0.479653 
0.09 -0.859165 -0.152328 -0.15 -0.75 0.560576 0.189419 -1 -0.479035 
0.09 -0.846581 0.0187138 -0.2 -0.8 0.473925 0.351535 -1 -0.483036 
0.09 -0.827502 0.249403 -0.25 -0.85 0.393163 0.481228 -1 -0.487346 
0.09 -0.797303 0.517259 -0.3 -0.9 0.318808 0.584982 -1 -0.489559 
0.09 -0.751575 0.734962 -0.35 -0.95 0.239436 0.667986 -1 -0.491188 
0.09 -0.693031 0.843122 -0.4 -1 0.176992 0.734389 -1 -0.497612 
0.09 -0.630714 0.878119 -0.45 -0.75 0.136949 0.746217 -1 -0.510353 
0.09 -0.568908 0.885278 -0.5 -0.5 0.113086 0.74198 -1 -0.533064 
0.09 -0.506081 0.883828 -0.55 -0.25 0.108103 0.728783 -1 -0.515421 
0.09 -0.438102 0.879601 -0.6 0 0.109944 0.713835 -1 -0.51641 
0.09 -0.359098 0.873989 -0.65 0.25 0.114182 0.694152 -1 -0.527213 
0.09 -0.260608 0.866919 -0.7 0.5 0.113534 0.674952 -1 -0.533296 
0.09 -0.130043 0.85756 -0.75 0.75 0.109495 0.657832 -1 -0.523271 
0.09 0.0494414 0.844224 -0.8 0.95 0.107747 0.650157 -1 -0.527789 
0.09 0.28871 0.823811 -0.85 0.9 0.107031 0.641556 -1 -0.530623 
0.09 0.555722 0.791481 -0.9 0.85 0.108169 0.628006 -1 -0.531668 
0.09 0.758091 0.743396 -0.95 0.8 0.117655 0.611598 -1 -0.531057 
0.09 0.851627 0.683722 -0.75 0.75 0.126474 0.595946 -1 -0.518008 
0.09 0.880251 0.621393 -0.5 0.7 0.160705 0.594655 -1 -0.507546 
0.09 0.885379 0.559622 -0.25 0.65 0.196062 0.582076 -1 -0.513111 
0.09 0.883309 0.496325 0 0.6 0.21809 0.569548 -1 -0.505673 
0.09 0.878838 0.427114 0.25 0.55 0.237959 0.558781 -1 -0.492671 
0.09 0.873033 0.345807 0.5 0.5 0.245784 0.543835 -1 -0.462906 
0.09 0.865689 0.243425 0.75 0.45 0.254523 0.53124 -1 -0.456989 
0.09 0.855868 0.106651 1 0.4 0.26772 0.520531 -1 -0.442471 
0.09 0.84171 -0.0815906 0.948718 0.35 0.278057 0.513054 -1 -0.443324 
0.09 0.819852 -0.328806 0.897436 0.3 0.290387 0.504533 -1 -0.443601 
0.09 0.785286 -0.592616 0.846154 0.25 0.30535 0.496898 -1 -0.440226 
0.09 0.734944 -0.778554 0.794872 0.2 0.32481 0.466122 -1 -0.446194 
0.09 0.674368 -0.85871 0.74359 0.15 0.40115 0.423827 -1 -0.43073 
0.09 0.612095 -0.881905 0.692308 0.1 0.52092 0.383124 -1 -0.42099 
0.09 0.550305 -0.885337 0.641026 0.05 0.616736 0.348522 -1 -0.419928 
0.09 0.486439 -0.882742 0.589744 0 0.693389 0.31853 -1 -0.414072 
0.09 0.415859 -0.878047 0.538462 -0.05 0.754711 0.289599 -1 -0.414794 
0.09 0.33205 -0.872044 0.487179 -0.1 0.803769 0.264515 -1 -0.4118 
0.09 0.225476 -0.864406 0.435897 -0.15 0.843015 0.244856 -1 -0.420085 
0.09 0.0820913 -0.854081 0.384615 -0.2 0.851034 0.230918 -1 -0.414858 
0.09 -0.115161 -0.839027 0.333333 -0.25 0.837399 0.220471 -1 -0.391959 
0.09 -0.36943 -0.815604 0.282051 -0.3 0.811898 0.213809 -1 -0.40249 
0.09 -0.627581 -0.778716 0.230769 -0.35 0.788124 0.220738 -1 -0.391146 
0.09 -0.796464 -0.726255 0.179487 -0.4 0.763882 0.228395 -1 -0.393536 
0.09 -0.864563 -0.664992 0.128205 -0.45 0.740394 0.236034 -1 -0.38855 
0.09 -0.883157 -0.602815 0.0769231 -0.5 0.72009 0.248843 -1 -0.389909 
0.09 -0.885174 -0.540944 0.025641 -0.55 0.705258 0.242111 -1 -0.368856 
0.09 -0.882132 -0.476405 -0.025641 -0.6 0.705307 0.23799 -1 -0.332269 
0.09 -0.877229 -0.404311 -0.0769231 -0.65 0.671922 0.251588 -1 -0.320986 
0.09 -0.871018 -0.317787 -0.128205 -0.7 0.558356 0.289652 -1 -0.329189 
0.09 -0.863063 -0.206705 -0.179487 -0.75 0.466142 0.390579 -1 -0.309072 
0.09 -0.85219 -0.056301 -0.230769 -0.8 0.407594 0.512463 -1 -0.294191 
0.09 -0.836159 0.150127 -0.282051 -0.85 0.356928 0.609971 -1 -0.301768 
0.09 -0.81105 0.410274 -0.333333 -0.9 0.307437 0.687976 -1 -0.305074 
0.09 -0.771772 0.660312 -0.384615 -0.95 0.251184 0.750381 -1 -0.305478 
0.09 -0.717366 0.811981 -0.435897 -1 0.193333 0.800305 -1 -0.304737 
0.09 -0.655611 0.869362 -0.487179 -0.714286 0.132209 0.840244 -1 -0.301679 
0.09 -0.593549 0.884074 -0.538462 -0.428571 0.0788567 0.872195 -1 -0.300317 
0.09 -0.531525 0.88491 -0.589744 -0.142857 0.037923 0.897756 -1 -0.300676 
0.09 -0.466205 0.881485 -0.641026 0.142857 0.00460841 0.918205 -1 -0.304266 
0.09 -0.392444 0.876382 -0.692308 0.428571 -0.0241279 0.934564 -1 -0.309343 
0.09 -0.302981 0.869955 -0.74359 0.714286 -0.0577428 0.947651 -1 -0.308894 
0.09 -0.187056 0.861657 -0.794872 1 -0.0927425 0.958121 -1 -0.307216 
0.09 -0.029223 0.850186 -0.846154 1 -0.121486 0.966497 -1 -0.314901 
0.09 0.186432 0.83309 -0.897436 0.95 -0.167188 0.973197 -1 -0.324711 
0.09 0.450987 0.806169 -0.948718 0.9 -0.203294 0.978558 -1 -0.333584 
0.09 0.690572 0.764464 -1 0.85 -0.221075 0.982846 -1 -0.33953 
0.09 0.825297 0.708316 -1 0.8 -0.221845 0.986277 -1 -0.351544 
0.09 0.873263 0.646238 -0.75 0.75 -0.222493 0.989022 -1 -0.373131 
0.09 0.884713 0.58429 -0.5 0.7 -0.197773 0.991217 -1 -0.396785 
0.09 0.884562 0.522036 -0.25 0.65 -0.161982 0.992974 -1 -0.400706 
0.09 0.880802 0.455817 0 0.6 -0.107285 0.994379 -1 -0.40172 
0.09 0.875507 0.380229 0.25 0.55 -0.0494054 0.995503 -1 -0.399936 
0.09 0.868851 0.287587 0.5 0.5 -0.000859963 0.996403 -1 -0.400367 
0.09 0.860181 0.166468 0.75 0.45 0.039538 0.997122 -1 -0.401589 
0.09 0.848059 0.000805865 0.95 0.4 0.0732563 0.997698 -1 -0.401578 
0.09 0.829802 -0.223985 0.9 0.35 0.101865 0.998158 -1 -0.401121 
0.09 0.800946 -0.491189 0.85 0.3 0.126799 0.998527 -1 -0.407442 
0.09 0.756809 -0.718201 0.8 0.25 0.150533 0.998821 -1 -0.444843 
0.09 0.699141 -0.836625 0.75 0.2 0.182735 0.999057 -1 -0.428866 
0.09 0.636881 -0.876403 0.7 0.15 0.240356 0.999246 -1 -0.416713 
0.09 0.575029 -0.885119 0.65 0.1 0.359514 0.999396 -1 -0.415457 
0.09 0.512459 -0.88414 0.6 0.05 0.487612 0.999517 -1 -0.412985 
0.09 0.445222 -0.880089 0.55 0 0.590089 0.999614 -1 -0.409714 
0.09 0.367636 -0.874603 0.5 -0.05 0.672071 0.999691 -1 -0.407858 
0.09 0.27156 -0.867703 0.45 -0.1 0.737657 0.999753 -1 -0.423825 
0.09 0.144878 -0.858629 0.4 -0.15 0.771353 0.999802 -1 -0.456713 
0.09 -0.0289925 -0.845797 0.35 -0.2 0.737751 0.999842 -1 -0.495329 
0.09 -0.262652 -0.826277 0.3 -0.25 0.681822 0.999873 -1 -0.517567 
0.09 -0.530476 -0.795367 0.25 -0.3 0.634046 0.999899 -1 -0.494954 
0.09 -0.743122 -0.748829 0.2 -0.35 0.587989 0.999919 -1 -0.478612 
0.09 -0.846183 -0.689876 0.15 -0.4 0.539528 0.999935 -1 -0.468206 
0.09 -0.878902 -0.627545 0.1 -0.45 0.498466 0.999948 -1 -0.481014 
0.09 -0.88533 -0.565757 0.05 -0.5 0.462156 0.999959 -1 -0.466326 
0.09 -0.883658 -0.502781 0 -0.55 0.433739 0.999967 -1 -0.441619 
0.09 -0.879345 -0.434398 -0.05 -0.6 0.406248 0.999973 -1 -0.444158 
0.09 -0.873668 -0.354634 -0.1 -0.65 0.382197 0.999979 -1 -0.429059 
0.09 -0.866507 -0.254854 -0.15 -0.7 0.358169 0.999983 -1 -0.434743 
0.09 -0.856996 -0.122224 -0.2 -0.75 0.334295 0.999986 -1 -0.429799 
0.09 -0.843388 0.0602017 -0.25 -0.8 0.306722 0.999989 -1 -0.430936 
0.09 -0.822497 0.302253 -0.3 -0.85 0.27497 0.999991 -1 -0.429538 
0.09 -0.789419 0.568449 -0.35 -0.9 0.246512 0.999993 -1 -0.415612 
0.09 -0.740554 0.765336 -0.4 -0.95 0.217425 0.999994 -1 -0.420348 
0.09 -0.680548 0.854182 -0.45 -0.75 0.187985 0.999996 -1 -0.433171 
0.09 -0.618232 0.880862 -0.5 -0.5 0.160269 0.999996 -1 -0.449846 
0.09 -0.556461 0.88538 -0.55 -0.25 0.128922 0.999997 -1 -0.461128 
0.09 -0.492983 0.883122 -0.6 0 0.097172 0.999998 -1 -0.468582 
0.09 -0.423323 0.878573 -0.65 0.25 0.0624525 0.999998 -1 -0.473451 
0.09 -0.341188 0.872701 -0.7 0.5 0.0333203 0.999999 -1 -0.474908 
0.09 -0.237417 0.865259 -0.75 0.75 0.0132318 0.999999 -1 -0.473598 
0.09 -0.0984433 0.855272 -0.8 1 -0.0115737 0.999999 -1 -0.474233 
0.09 0.0928348 0.840819 -0.85 0.948718 -0.0440289 0.999999 -1 -0.476393 
0.09 0.34256 0.818442 -0.9 0.897436 -0.065625 0.999999 -1 -0.476298 
0.09 0.604725 0.783097 -0.95 0.846154 -0.0731133 1 -1 -0.475192 
0.09 0.784917 0.732017 -1 0.794872 -0.0602296 1 -1 -0.472712 
0.09 0.860827 0.671185 -0.714286 0.74359 -0.0215373 1 -1 -0.471585 
0.09 0.882371 0.608941 -0.428571 0.692308 0.0310208 1 -1 -0.469931 
0.09 0.885294 0.547131 -0.142857 0.641026 0.0963391 1 -1 -0.468342 
0.09 0.882539 0.483049 0.142857 0.589744 0.152105 1 -1 -0.467604 
0.09 0.877772 0.411971 0.428571 0.538462 0.192281 1 -1 -0.468093 
0.09 0.8717 0.327264 0.714286 0.487179 0.213415 1 -1 -0.475576 
0.09 0.863956 0.219195 1 0.435897 0.240929 1 -1 -0.467418 
0.09 0.853451 0.073472 1 0.384615 0.270636 1 -1 -0.465844 
0.09 0.838074 -0.126883 0.95 0.333333 0.299055 1 -1 -0.464258 
0.09 0.814093 -0.383295 0.9 0.282051 0.319838 1 -1 -0.472985 
0.09 0.776399 -0.638962 0.85 0.230769 0.337296 1 -1 -0.495963 
0.09 0.723256 -0.801994 0.8 0.179487 0.341336 1 -1 -0.524206 
0.09 0.661806 -0.866303 0.75 0.128205 0.378913 1 -1 -0.515538 
0.09 0.599666 -0.883503 0.7 0.0769231 0.503131 1 -1 -0.521709 
0.09 0.537752 -0.885095 0.65 0.025641 0.602505 1 -1 -0.516024 
0.09 0.47296 -0.881916 0.6 -0.025641 0.682004 1 -1 -0.511116 
0.09 0.400317 -0.876944 0.55 -0.0769231 0.745603 1 -1 -0.501828 
0.09 0.312821 -0.870662 0.5 -0.128205 0.74443 1 -1 -0.460165 
0.09 0.200133 -0.862593 0.45 -0.179487 0.674461 1 -1 -0.39147 
0.09 0.0472505 -0.851523 0.4 -0.230769 0.56519 1 -1 -0.336232 
0.09 -0.162312 -0.83514 0.35 -0.282051 0.518931 1 -1 -0.282978 
0.09 -0.424136 -0.809429 0.3 -0.333333 0.500275 1 -1 -0.228466 
0.09 -0.670877 -0.76933 0.25 -0.384615 0.466557 1 -1 -0.164989 
0.09 -0.81674 -0.714308 0.2 -0.435897 0.439069 1 -1 -0.106066 
0.09 -0.870781 -0.652426 0.15 -0.487179 0.420599 1 -1 -0.0645921 
0.09 -0.88432 -0.590404 0.1 -0.538462 0.420964 1 -1 -0.0537381 
0.09 -0.884801 -0.528311 0.05 -0.589744 0.427131 1 -1 -0.00138542 
0.09 -0.881257 -0.462698 0 -0.641026 0.440442 1 -1 0.0718577 
0.09 -0.876088 -0.388335 -0.05 -0.692308 0.44821 1 -1 0.0169784 
0.09 -0.869585 -0.29782 -0.1 -0.74359 0.449612 1 -1 -0.231055 
0.09 -0.861163 -0.180171 -0.15 -0.794872 0.474272 1 -1 -0.442876 
0.09 -0.849478 -0.019723 -0.2 -0.846154 0.494389 1 -1 -0.619006 
0.09 -0.831998 0.199054 -0.25 -0.897436 0.498733 1 -1 -0.744969 
0.09 -0.804434 0.46472 -0.3 -0.948718 0.488024 1 -1 -0.799367 
0.09 -0.761902 0.700257 -0.35 -1 0.486381 1 -1 -0.813885 
0.09 -0.705212 0.829357 -0.4 -1 0.513796 1 -1 -0.805056 
0.09 -0.643058 0.874409 -0.45 -0.75 0.528831 1 -1 -0.807426 
0.09 -0.581145 0.884875 -0.5 -0.5 0.529301 0.984354 -1 -0.813284 
0.09 -0.518793 0.884426 -0.55 -0.25 0.506318 0.935156 -1 -0.810244 
0.09 -0.452242 0.880563 -0.6 0 0.480795 0.87586 -1 -0.804856 
0.09 -0.375995 0.875204 -0.65 0.25 0.490686 0.830222 -1 -0.786077 
0.09 -0.282216 0.868466 -0.7 0.5 0.507472 0.788795 -1 -0.812776 
0.09 -0.15925 0.859663 -0.75 0.75 0.529297 0.75579 -1 -0.839123 
0.09 0.00915911 0.847306 -0.8 0.95 0.559001 0.725676 -1 -0.868338 
0.09 0.237002 0.828632 -0.85 0.9 0.605227 0.699106 -1 -0.872901 
0.09 0.504656 0.799092 -0.9 0.85 0.658909 0.678183 -1 -0.876774 
0.09 0.726971 0.754134 -0.95 0.8 0.727127 0.670692 -1 -0.898551 
0.09 0.84006 0.696003 -1 0.75 0.781701 0.663798 -1 -0.88244 
0.09 0.877318 0.633708 -0.75 0.7 0.802012 0.666088 -1 -0.755563 
0.09 0.88521 0.571882 -0.5 0.65 0.819407 0.678383 -1 -0.664527 
0.09 0.883983 0.509184 -0.25 0.6 0.805108 0.692009 -1 -0.626885 
0.09 0.879839 0.441572 0 0.55 0.78773 0.753607 -1 -0.577339 
0.09 0.874289 0.363267 0.25 0.5 0.759811 0.802886 -1 -0.544331 
0.09 0.867302 0.265964 0.5 0.45 0.732155 0.842309 -1 -0.488008 
0.09 0.858084 0.137306 0.75 0.4 0.700929 0.873847 -1 -0.454128 
0.09 0.844996 -0.0394341 0.95 0.35 0.671091 0.899078 -1 -0.442701 
0.09 0.825023 -0.276009 0.9 0.3 0.646463 0.919262 -1 -0.430838 
0.09 0.793388 -0.543542 0.85 0.25 0.622477 0.93541 -1 -0.444987 
0.09 0.74605 -0.750969 0.8 0.2 0.583556 0.948328 -1 -0.463665 
0.09 0.686713 -0.849064 0.75 0.15 0.551846 0.958662 -1 -0.427989 
0.09 0.624379 -0.879624 0.7 0.1 0.533911 0.96693 -1 -0.456999 
0.09 0.562603 -0.885364 0.65 0.05 0.609924 0.973544 -1 -0.585753 
0.09 0.499467 -0.883481 0.6 0 0.687939 0.978835 -1 -0.719549 
0.09 0.430666 -0.879086 0.55 -0.05 0.750351 0.983068 -1 -0.844026 
0.09 0.350118 -0.873343 0.5 -0.1 0.800281 0.986454 -1 -0.89016 
0.09 0.249015 -0.866089 0.45 -0.15 0.840225 0.989164 -1 -0.907468 
0.09 0.114276 -0.856421 0.4 -0.2 0.87218 0.991331 -1 -0.927379 
0.09 -0.0711265 -0.842534 0.35 -0.25 0.897744 0.993065 -1 -0.943749 
0.09 -0.315878 -0.821152 0.3 -0.3 0.918195 0.994452 -1 -0.948869 
0.09 -0.580979 -0.787314 0.25 -0.35 0.934556 0.995561 -1 -0.959338 
0.09 -0.772277 -0.737682 0.2 -0.4 0.947645 0.996449 -1 -0.992806 
0.09 -0.856581 -0.677371 0.15 -0.45 0.958116 0.997159 -0.992927 -1 
0.09 -0.881422 -0.615074 0.1 -0.5 0.966493 0.997727 -1 -0.999966 
0.09 -0.885365 -0.553296 0.05 -0.55 0.973194 0.998182 -1 -0.999486 
0.09 -0.882929 -0.489625 0 -0.6 0.978555 0.998546 -1 -0.999217 
0.09 -0.878304 -0.419499 -0.05 -0.65 0.982844 0.995328 -0.999587 -1 
0.09 -0.872365 -0.336514 -0.1 -0.7 0.986275 0.982989 -1 -0.99975 
0.09 -0.864823 -0.231318 -0.15 -0.75 0.98902 0.973028 -1 -0.999804 
0.09 -0.854665 -0.0900978 -0.2 -0.8 0.991216 0.95609 -0.997689 -1 
0.09 -0.839907 0.104243 -0.25 -0.85 0.992973 0.931902 -0.98473 -1 
0.09 -0.816999 0.356364 -0.3 -0.9 0.994378 0.859282 -0.991334 -1 
0.09 -0.780864 0.616599 -0.35 -0.95 0.995503 0.75448 -0.99492 -1 
0.09 -0.729065 0.79099 -0.4 -1 0.949197 0.621658 -0.978259 -1 
0.09 -0.668 0.862809 -0.45 -0.714286 0.833799 0.497507 -0.981567 -1 
0.09 -0.605789 0.882795 -0.5 -0.428571 0.675253 0.393058 -0.981302 -1 
0.09 -0.543951 0.885238 -0.55 -0.142857 0.489842 0.308091 -0.988624 -1 
0.09 -0.47964 0.882332 -0.6 0.142857 0.294207 0.241061 -0.987876 -1 
0.09 -0.408048 0.877494 -0.65 0.428571 0.0991112 0.19024 -0.987834 -1 
0.09 -0.322418 0.871351 -0.7 0.714286 -0.0955516 0.153261 -0.97965 -1 
0.09 -0.212817 0.8635 -0.75 1 -0.359864 0.13026 -0.981545 -1 
0.09 -0.0647084 0.852808 -0.8 1 -0.592785 0.0920833 -1 -0.993453 
0.09 0.138765 0.8371 -0.85 0.95 -0.809442 0.0286029 -1 -0.992245 
0.09 0.397173 0.812545 -0.9 0.9 -0.991479 -0.0420904 -1 -0.977331 
0.09 0.650076 0.774039 -0.95 0.85 -1.14206 -0.0997008 -1 -0.995943 
0.09 0.807254 0.720235 -1 0.8 -1.26393 -0.150697 -1 -0.970932 
0.09 0.867928 0.658619 -0.714286 0.75 -1.3728 -0.188483 -1 -0.958402 
0.09 0.883813 0.596519 -0.428571 0.7 -1.46773 -0.217749 -1 -0.974647 
0.09 0.885005 0.534553 -0.142857 0.65 -1.43807 -0.202004 -0.985887 -1 
0.09 0.881696 0.469495 0.142857 0.6 -1.11876 -0.126783 -0.982508 -1 
0.09 0.876657 0.396286 0.428571 0.55 -0.841024 -0.0473281 -0.96316 -1 
0.09 0.8703 0.30779 0.714286 0.5 -0.624273 0.0365076 -0.946839 -1 
0.09 0.862115 0.193456 1 0.45 -0.486869 0.114152 -0.949281 -1 
0.09 0.850842 0.0380492 1 0.4 -0.407732 0.172229 -0.963903 -1 
0.09 0.834097 -0.174649 0.95 0.35 -0.342758 0.215126 -0.996104 -1 
0.09 0.807771 -0.437969 0.9 0.3 -0.287641 0.244989 -0.990457 -1 
0.09 0.766846 -0.681149 0.85 0.25 -0.201 0.254412 -0.939986 -1 
0.09 0.711233 -0.821254 0.8 0.2 -0.126488 0.259327 -0.961183 -1 
0.09 0.649242 -0.872101 0.75 0.15 -0.0350621 0.288296 -1 -0.90594 
0.09 0.587259 -0.884536 0.7 0.1 0.0290823 0.373993 -1 -0.695725 
0.09 0.525087 -0.884682 0.65 0.05 0.135771 0.499195 -1 -0.579859 
0.09 0.459169 -0.881025 0.6 0 0.308617 0.546929 -1 -0.675423 
0.09 0.384185 -0.875791 0.55 -0.05 0.446894 0.591991 -1 -0.791238 
0.09 0.292589 -0.86921 0.5 -0.1 0.557515 0.604348 -1 -0.864317 
0.09 0.173176 -0.860662 0.45 -0.15 0.646012 0.61716 -1 -0.905568 
0.09 0.0100666 -0.848755 0.4 -0.2 0.71681 0.625197 -1 -0.93222 
0.09 -0.211815 -0.830881 0.35 -0.25 0.773448 0.626878 -1 -0.952582 
0.09 -0.478378 -0.802659 0.3 -0.3 0.818758 0.628163 -1 -0.965463 
0.09 -0.709634 -0.7593 0.25 -0.35 0.855006 0.626767 -1 -0.976845 
0.09 -0.833196 -0.702095 0.2 -0.4 0.884005 0.625358 -1 -0.981453 
0.09 -0.875471 -0.639879 0.15 -0.45 0.907204 0.624823 -1 -0.986932 
0.09 -0.885011 -0.578 0.1 -0.5 0.925763 0.626791 -1 -0.986159 
0.09 -0.884283 -0.51554 0.05 -0.55 0.940611 0.646219 -1 -0.994975 
0.09 -0.880321 -0.448643 0 -0.6 0.952489 0.684198 -0.891499 -1 
0.09 -0.874896 -0.371717 -0.05 -0.65 0.961991 0.712804 -0.732971 -1 
0.09 -0.868076 -0.276771 -0.1 -0.7 0.969593 0.755718 -0.759083 -1 
0.09 -0.859136 -0.151914 -0.15 -0.75 0.975674 0.804575 -0.865993 -1 
0.09 -0.846538 0.0192849 -0.2 -0.8 0.980539 0.842866 -0.92705 -1 
0.09 -0.827435 0.250142 -0.25 -0.85 0.984431 0.819116 -0.971354 -1 
0.09 -0.797195 0.518003 -0.3 -0.9 0.987545 0.731915 -0.967648 -1 
0.09 -0.751422 0.735427 -0.35 -0.95 0.990036 0.661077 -0.924475 -1 
0.09 -0.692855 0.843298 -0.4 -1 0.936246 0.613786 -0.912319 -1 
0.09 -0.630536 0.878164 -0.45 -0.75 0.810501 0.557464 -0.914582 -1 
0.09 -0.568732 0.885281 -0.5 -0.5 0.637191 0.500815 -0.923056 -1 
0.09 -0.505896 0.883819 -0.55 -0.25 0.444063 0.451589 -0.928196 -1 
0.09 -0.437895 0.879587 -0.6 0 0.251381 0.411847 -0.911847 -1 
0.09 -0.35885 0.873971 -0.65 0.25 0.0669074 0.384431 -0.921017 -1 
0.09 -0.260288 0.866896 -0.7 0.5 -0.0991951 0.366435 -0.924805 -1 
0.09 -0.129608 0.857529 -0.75 0.75 -0.259733 0.361687 -0.908613 -1 
0.09 0.0500394 0.844177 -0.8 0.95 -0.476685 0.362465 -0.892809 -1 
0.09 0.289466 0.823738 -0.85 0.9 -0.655438 0.373286 -0.894925 -1 
0.09 0.55644 0.791367 -0.9 0.85 -0.786733 0.391998 -0.886429 -1 
0.09 0.758505 0.743238 -0.95 0.8 -0.89727 0.412784 -0.900284 -1 
0.09 0.851774 0.683544 -0.75 0.75 -0.981591 0.437932 -0.87142 -1 
0.09 0.880287 0.621216 -0.5 0.7 -1.05008 0.475231 -0.901884 -1 
0.09 0.88538 0.559445 -0.25 0.65 -1.08254 0.536814 -0.880277 -1 
0.09 0.883299 0.496138 0 0.6 -1.10725 0.597288 -0.839963 -1 
0.09 0.878823 0.426903 0.25 0.55 -1.06866 0.658298 -0.817998 -1 
0.09 0.873015 0.34555 0.5 0.5 -1.00466 0.722535 -0.775319 -1 
0.09 0.865665 0.243091 0.75 0.45 -0.90475 0.778028 -0.734126 -1 
0.09 0.855835 0.106196 1 0.4 -0.778698 0.822422 -0.698482 -1 
0.09 0.841661 -0.0822157 0.948718 0.35 -0.626433 0.857938 -0.673768 -1 
0.09 0.819774 -0.329574 0.897436 0.3 -0.473553 0.88635 -0.643969 -1 
0.09 0.785165 -0.5933 0.846154 0.25 -0.31263 0.90908 -0.64774 -1 
0.09 0.734781 -0.778918 0.794872 0.2 -0.146514 0.927264 -0.636625 -1 
0.09 0.67419 -0.858832 0.74359 0.15 0.0415621 0.941811 -0.538709 -1 
0.09 0.611918 -0.881932 0.692308 0.1 0.23325 0.953449 -0.510026 -1 
0.09 0.550127 -0.885335 0.641026 0.05 0.3866 0.962759 -0.561588 -1 
0.09 0.48625 -0.882731 0.589744 0 0.50928 0.970207 -0.693142 -1 
0.09 0.415642 -0.878032 0.538462 -0.05 0.607424 0.976166 -0.824241 -1 
0.09 0.331783 -0.872024 0.487179 -0.1 0.685939 0.980933 -0.909452 -1 
0.09 0.225127 -0.864381 0.435897 -0.15 0.748751 0.984746 -0.966882 -1 
0.09 0.0816126 -0.854046 0.384615 -0.2 0.799001 0.987797 -0.984226 -1 
0.09 -0.115813 -0.838974 0.333333 -0.25 0.839201 0.990238 -0.990642 -1 
0.09 -0.370205 -0.815521 0.282051 -0.3 0.871361 0.99219 -0.994029 -1 
0.09 -0.628225 -0.778587 0.230769 -0.35 0.897089 0.993752 -0.998632 -1 
0.09 -0.796781 -0.726087 0.179487 -0.4 0.917671 0.995002 -0.998447 -1 
0.09 -0.864664 -0.664814 0.128205 -0.45 0.934137 0.996001 -1 -0.999929 
0.09 -0.883177 -0.602639 0.0769231 -0.5 0.947309 0.996801 -1 -0.999366 
0.09 -0.88517 -0.540765 0.025641 -0.55 0.957847 0.990758 -0.999408 -1 
0.09 -0.88212 -0.476213 -0.025641 -0.6 0.966278 0.986976 -1 -0.993092 
0.09 -0.877213 -0.404089 -0.0769231 -0.65 0.973022 0.972853 -1 -0.939191 
0.09 -0.870999 -0.317511 -0.128205 -0.7 0.978418 0.951161 -1 -0.892097 
0.09 -0.863037 -0.20634 -0.179487 -0.75 0.982734 0.928569 -1 -0.920234 
0.09 -0.852153 -0.0557983 -0.230769 -0.8 0.986187 0.789683 -1 -0.851335 
0.09 -0.836103 0.150805 -0.282051 -0.85 0.91239 0.671286 -1 -0.867197 
0.09 -0.81096 0.41105 -0.333333 -0.9 0.853551 0.574562 -1 -0.97397 
0.09 -0.771637 0.660911 -0.384615 -0.95 0.83537 0.536179 -1 -0.928602 
0.09 -0.717195 0.812254 -0.435897 -1 0.712843 0.52361 -1 -0.907221 
0.09 -0.655433 0.869444 -0.487179 -0.714286 0.543736 0.518834 -1 -0.89636 
0.09 -0.593373 0.884089 -0.538462 -0.428571 0.359522 0.5044 -1 -0.892254 
0.09 -0.531346 0.884905 -0.589744 -0.142857 0.15835 0.47234 -1 -0.891535 
0.09 -0.466009 0.881472 -0.641026 0.142857 -0.0332429 0.438242 -1 -0.898499 
0.09 -0.392215 0.876366 -0.692308 0.428571 -0.364172 0.387299 -1 -0.894279 
0.09 -0.302693 0.869935 -0.74359 0.714286 -0.619383 0.326263 -1 -0.901921 
0.09 -0.186674 0.861629 -0.794872 1 -0.811315 0.253928 -1 -0.884803 
0.09 -0.0286952 0.850147 -0.846154 1 -0.973711 0.197697 -1 -0.895801 
0.09 0.187135 0.833029 -0.897436 0.95 -1.08892 0.158079 -1 -0.881242 
0.09 0.451758 0.806073 -0.948718 0.9 -1.19205 0.134995 -1 -0.879231 
0.09 0.691122 0.764322 -1 0.85 -1.28423 0.106741 -1 -0.889393 
0.09 0.82553 0.708142 -1 0.8 -1.35491 0.0888529 -1 -0.864114 
0.09 0.873329 0.64606 -0.75 0.75 -1.45834 0.0786546 -1 -0.814075 
0.09 0.884723 0.584114 -0.5 0.7 -1.15904 0.133737 -1 -0.785581 
0.09 0.884554 0.521854 -0.25 0.65 -0.896902 0.188163 -1 -0.774201 
0.09 0.880789 0.455617 0 0.6 -0.682221 0.249238 -1 -0.766605 
0.09 0.87549 0.379993 0.25 0.55 -0.510934 0.319246 -1 -0.747245 
0.09 0.868829 0.287288 0.5 0.5 -0.391118 0.43868 -1 -0.733201 
0.09 0.860152 0.166067 0.75 0.45 -0.295573 0.550944 -1 -0.682749 
0.09 0.848017 0.000252221 0.95 0.4 -0.13909 0.640755 -1 -0.620966 
0.09 0.829737 -0.22471 0.9 0.35 -0.000999432 0.712604 -1 -0.62057 
0.09 0.800844 -0.491945 0.85 0.3 0.0944843 0.770083 -1 -0.652639 
0.09 0.75666 -0.7187 0.8 0.25 0.179238 0.816067 -1 -0.674076 
0.09 0.698966 -0.836823 0.75 0.2 0.21803 0.852853 -1 -0.618014 
0.09 0.636703 -0.876456 0.7 0.15 0.283209 0.882283 -1 -0.595118 
0.09 0.574853 -0.885124 0.65 0.1 0.304887 0.905826 -1 -0.521239 
0.09 0.512276 -0.884132 0.6 0.05 0.443909 0.924661 -1 -0.582094 
0.09 0.445018 -0.880075 0.55 0 0.555127 0.927561 -1 -0.740173 
0.09 0.367393 -0.874586 0.5 -0.05 0.644102 0.851045 -1 -0.868243 
0.09 0.271249 -0.86768 0.45 -0.1 0.715282 0.798681 -1 -0.930607 
0.09 0.144457 -0.858599 0.4 -0.15 0.772225 0.769121 -1 -0.949954 
0.09 -0.0295727 -0.845753 0.35 -0.2 0.81778 0.753067 -1 -0.959954 
0.09 -0.263397 -0.826208 0.3 -0.25 0.854224 0.747253 -1 -0.968588 
0.09 -0.531212 -0.795257 0.25 -0.3 0.883379 0.746638 -1 -0.975439 
0.09 -0.743569 -0.748675 0.2 -0.35 0.906703 0.74849 -1 -0.979509 
0.09 -0.846349 -0.689699 0.15 -0.4 0.925363 0.751454 -1 -0.985401 
0.09 -0.878944 -0.627368 0.1 -0.45 0.94029 0.754947 -1 -0.987484 
0.09 -0.885332 -0.56558 0.05 -0.5 0.952232 0.759201 -1 -0.988707 
0.09 -0.883648 -0.502595 0 -0.55 0.961786 0.746713 -0.991079 -1 
0.09 -0.879331 -0.43419 -0.05 -0.6 0.969429 0.741344 -0.871329 -1 
0.09 -0.87365 -0.354382 -0.1 -0.65 0.975543 0.7782 -0.705132 -1 
0.09 -0.866484 -0.254529 -0.15 -0.7 0.980434 0.82256 -0.749069 -1 
0.09 -0.856964 -0.121783 -0.2 -0.75 0.984347 0.858048 -0.83605 -1 
0.09 -0.843341 0.060809 -0.25 -0.8 0.987478 0.886438 -0.817993 -1 
0.09 -0.822423 0.303014 -0.3 -0.85 0.989982 0.778991 -1 -0.983032 
0.09 -0.789302 0.569156 -0.35 -0.9 0.840834 0.685908 -1 -0.911643 
0.09 -0.740394 0.765733 -0.4 -0.95 0.705389 0.611259 -0.977265 -1 
0.09 -0.680371 0.854321 -0.45 -0.75 0.584825 0.577773 -0.969269 -1 
0.09 -0.618055 0.880895 -0.5 -0.5 0.433268 0.555096 -0.974379 -1 
0.09 -0.556284 0.885379 -0.55 -0.25 0.269704 0.526252 -0.984786 -1 
0.09 -0.492795 0.883111 -0.6 0 0.10173 0.497563 -0.98018 -1 
0.09 -0.423109 0.878558 -0.65 0.25 -0.0660653 0.473283 -0.99183 -1 
0.09 -0.340928 0.872682 -0.7 0.5 -0.229936 0.441659 -0.978473 -1 
0.09 -0.237078 0.865235 -0.75 0.75 -0.466139 0.400696 -0.978848 -1 
0.09 -0.0979797 0.855238 -0.8 1 -0.649361 0.3537 -0.944483 -1 
0.09 0.0934691 0.840768 -0.85 0.948718 -0.78592 0.319964 -0.950553 -1 
0.09 0.343331 0.818362 -0.9 0.897436 -0.893747 0.286524 -0.948488 -1 
0.09 0.605396 0.782973 -0.95 0.846154 -0.980205 0.255291 -0.922935 -1 
0.09 0.785264 0.731853 -1 0.794872 -1.02865 0.239282 -0.90057 -1 
0.09 0.860941 0.671007 -0.714286 0.74359 -1.07701 0.219827 -0.89735 -1 
0.09 0.882396 0.608764 -0.428571 0.692308 -1.11768 0.190367 -0.903883 -1 
0.09 0.885291 0.546953 -0.142857 0.641026 -1.15196 0.170909 -0.912358 -1 
0.09 0.882528 0.482858 0.142857 0.589744 -1.16567 0.175236 -0.927517 -1 
0.09 0.877757 0.411752 0.428571 0.538462 -1.15625 0.232605 -0.932524 -1 
0.09 0.87168 0.326994 0.714286 0.487179 -1.12453 0.374241 -0.944408 -1 
0.09 0.863931 0.21884 1 0.435897 -1.08479 0.499393 -0.958227 -1 
0.09 0.853415 0.0729853 1 0.384615 -1.04083 0.599514 -0.955175 -1 
0.09 0.83802 -0.127544 0.95 0.333333 -1.00654 0.679612 -0.960848 -1 
0.09 0.814007 -0.384072 0.9 0.282051 -0.969652 0.743689 -0.948574 -1 
0.09 0.776268 -0.639592 0.85 0.230769 -0.907996 0.794951 -0.909084 -1 
0.09 0.723087 -0.802295 0.8 0.179487 -0.809293 0.835961 -0.774026 -1 
0.09 0.661627 -0.866397 0.75 0.128205 -0.507595 0.868769 -0.72696 -1 
0.09 0.59949 -0.883521 0.7 0.0769231 -0.206076 0.895015 -0.787487 -1 
0.09 0.537573 -0.88509 0.65 0.025641 0.0351394 0.916012 -0.90607 -1 
0.09 0.472767 -0.881904 0.6 -0.025641 0.228112 0.93281 -0.941638 -1 
0.09 0.400093 -0.876928 0.55 -0.0769231 0.382489 0.946248 -0.948 -1 
0.09 0.312541 -0.870642 0.5 -0.128205 0.505991 0.956998 -0.966973 -1 
0.09 0.199762 -0.862566 0.45 -0.179487 0.604793 0.965599 -0.969914 -1 
0.09 0.0467394 -0.851485 0.4 -0.230769 0.683834 0.972479 -0.969569 -1 
0.09 -0.162999 -0.835082 0.35 -0.282051 0.747068 0.977983 -0.980316 -1 
0.09 -0.424911 -0.809337 0.3 -0.333333 0.797654 0.982386 -0.986901 -1 
0.09 -0.67146 -0.769192 0.25 -0.384615 0.838123 0.985909 -0.991468 -1 
0.09 -0.816999 -0.714136 0.2 -0.435897 0.870499 0.985455 -0.997425 -1 
0.09 -0.870857 -0.652248 0.15 -0.487179 0.896399 0.986122 -0.99994 -1 
0.09 -0.884333 -0.590228 0.1 -0.538462 0.917119 0.988898 -0.994575 -1 
0.09 -0.884794 -0.528131 0.05 -0.589744 0.933695 0.991118 -0.979661 -1 
0.09 -0.881244 -0.462501 0 -0.641026 0.946956 0.992895 -0.930471 -1 
0.09 -0.876072 -0.388104 -0.05 -0.692308 0.957565 0.981331 -0.87141 -1 
0.09 -0.869564 -0.297529 -0.1 -0.74359 0.966052 0.979137 -0.911965 -1 
0.09 -0.861136 -0.179783 -0.15 -0.794872 0.972842 0.975157 -0.942239 -1 
0.09 -0.849438 -0.0191865 -0.2 -0.846154 0.978273 0.871122 -0.916254 -1 
0.09 -0.831937 0.199764 -0.25 -0.897436 0.942942 0.757891 -1 -0.987661 
0.09 -0.804336 0.465487 -0.3 -0.948718 0.909649 0.666323 -0.976051 -1 
0.09 -0.761758 0.70079 -0.35 -1 0.867518 0.606663 -0.979329 -1 
0.09 -0.705038 0.829578 -0.4 -1 0.751164 0.559008 -0.993043 -1 
0.09 -0.64288 0.87447 -0.45 -0.75 0.599548 0.504884 -1 -0.998737 
0.09 -0.580969 0.884883 -0.5 -0.5 0.425012 0.456835 -1 -0.991925 
0.09 -0.518612 0.884418 -0.55 -0.25 0.238952 0.41557 -0.997423 -1 
0.09 -0.452042 0.88055 -0.6 0 0.0519115 0.382477 -1 -0.996818 
0.09 -0.375757 0.875186 -0.65 0.25 -0.129532 0.355741 -0.996644 -1 
0.09 -0.281913 0.868444 -0.7 0.5 -0.411694 0.335659 -0.979501 -1 
0.09 -0.158842 0.859633 -0.75 0.75 -0.636231 0.296342 -0.98326 -1 
0.09 0.00972173 0.847264 -0.8 0.95 -0.806037 0.254525 -0.96287 -1 
0.09 0.237735 0.828566 -0.85 0.9 -0.945648 0.231601 -0.979395 -1 
0.09 0.505407 0.798987 -0.9 0.85 -1.04731 0.215335 -0.983147 -1 
0.09 0.727453 0.753983 -0.95 0.8 -1.13169 0.193743 -0.986201 -1 
0.09 0.840246 0.695827 -1 0.75 -1.20174 0.16965 -1 -0.998794 
0.09 0.877368 0.63353 -0.75 0.7 -1.25471 0.151766 -0.991014 -1 
0.09 0.885215 0.571705 -0.5 0.65 -1.29802 0.154412 -0.986808 -1 
0.09 0.883974 0.509 -0.25 0.6 -1.33127 0.169954 -1 -0.993357 
0.09 0.879825 0.441367 0 0.55 -1.35886 0.198404 -1 -0.937587 
0.09 0.874271 0.363021 0.25 0.5 -1.376 0.259462 -1 -0.949797 
0.09 0.867279 0.265649 0.5 0.45 -1.36464 0.342365 -1 -0.963855 
0.09 0.858053 0.136878 0.75 0.4 -1.35512 0.473892 -0.977106 -1 
0.09 0.84495 -0.0400235 0.95 0.35 -1.25087 0.579113 -0.805239 -1 
0.09 0.824952 -0.27676 0.9 0.3 -1.03107 0.663291 -0.758636 -1 
0.09 0.793276 -0.544268 0.85 0.25 -0.862503 0.730633 -0.760387 -1 
0.09 0.745893 -0.751399 0.8 0.2 -0.6868 0.784506 -0.749546 -1 
0.09 0.686536 -0.84922 0.75 0.15 -0.480858 0.827605 -0.702431 -1 
0.09 0.624202 -0.879662 0.7 0.1 -0.199398 0.862084 -0.51049 -1 
0.09 0.562426 -0.885365 0.65 0.05 0.0404813 0.889667 -0.504456 -1 
0.09 0.499281 -0.883471 0.6 0 0.232385 0.911734 -0.603949 -1 
0.09 0.430456 -0.879071 0.55 -0.05 0.385908 0.929387 -0.766102 -1 
0.09 0.349864 -0.873325 0.5 -0.1 0.508726 0.94351 -0.890363 -1 
0.09 0.248686 -0.866065 0.45 -0.15 0.606981 0.954808 -0.988799 -1 
0.09 0.113827 -0.856388 0.4 -0.2 0.685585 0.963846 -0.999294 -1 
0.09 -0.071743 -0.842486 0.35 -0.25 0.748468 0.971077 -0.999996 -1 
0.09 -0.316643 -0.821075 0.3 -0.3 0.798774 0.976862 -1 -0.994876 
0.09 -0.581675 -0.787195 0.25 -0.35 0.839019 0.981489 -1 -0.993895 
0.09 -0.772657 -0.73752 0.2 -0.4 0.871216 0.985191 -1 -0.994414 
0.09 -0.856711 -0.677193 0.15 -0.45 0.896972 0.988153 -1 -0.993322 
0.09 -0.881451 -0.614897 0.1 -0.5 0.917578 0.990522 -1 -0.994092 
0.09 -0.885363 -0.553119 0.05 -0.55 0.934062 0.992418 -1 -0.996979 
0.09 -0.882918 -0.489436 0 -0.6 0.94725 0.993934 -1 -0.998084 
0.09 -0.878289 -0.419284 -0.05 -0.65 0.9578 0.995148 -1 -0.998805 
0.09 -0.872346 -0.336251 -0.1 -0.7 0.96624 0.996118 -0.997293 -1 
0.09 -0.864799 -0.230974 -0.15 -0.75 0.972992 0.996894 -0.991097 -1 
0.09 -0.854631 -0.0896265 -0.2 -0.8 0.978394 0.925274 -0.977626 -1 
0.09 -0.839855 0.104886 -0.25 -0.85 0.982715 0.779354 -0.970258 -1 
0.09 -0.816917 0.357138 -0.3 -0.9 0.909626 0.663783 -0.995874 -1 
0.09 -0.780737 0.617256 -0.35 -0.95 0.851104 0.569687 -0.986799 -1 
0.09 -0.728898 0.791322 -0.4 -1 0.754695 0.525744 -0.987622 -1 
0.09 -0.667822 0.862916 -0.45 -0.714286 0.612683 0.504653 -0.988715 -1 
0.09 -0.605612 0.882817 -0.5 -0.428571 0.438433 0.502255 -0.990477 -1 
0.09 -0.543773 0.885235 -0.55 -0.142857 0.235748 0.496896 -0.991466 -1 
0.09 -0.479449 0.88232 -0.6 0.142857 0.0281655 0.475541 -0.993336 -1 
0.09 -0.407827 0.877479 -0.65 0.428571 -0.289765 0.436345 -0.990505 -1 
0.09 -0.322145 0.871332 -0.7 0.714286 -0.537218 0.389486 -0.986675 -1 
0.09 -0.212457 0.863474 -0.75 1 -0.734444 0.336322 -0.987961 -1 
0.09 -0.0642135 0.852772 -0.8 1 -0.88004 0.292667 -0.993215 -1 
0.09 0.139435 0.837045 -0.85 0.95 -1.0003 0.255949 -0.994124 -1 
0.09 0.39795 0.812457 -0.9 0.9 -1.09145 0.241482 -0.993258 -1 
0.09 0.65069 0.773906 -0.95 0.85 -1.17494 0.219157 -1 -0.978397 
0.09 0.807541 0.720066 -1 0.8 -1.32117 0.202536 -1 -0.909356 
0.09 0.868016 0.658441 -0.714286 0.75 -1.05281 0.233323 -1 -0.911264 
0.09 0.883829 0.596343 -0.428571 0.7 -0.840961 0.256772 -1 -0.916492 
0.09 0.885 0.534373 -0.142857 0.65 -0.631832 0.294427 -1 -0.976528 
0.09 0.881684 0.4693 0.142857 0.6 -0.457033 0.347406 -1 -0.913586 
0.09 0.876641 0.396059 0.428571 0.55 -0.309021 0.477924 -1 -0.897099 
0.09 0.87028 0.307507 0.714286 0.5 -0.153308 0.58234 -1 -0.892307 
0.09 0.862088 0.193079 1 0.45 -0.0328442 0.665872 -1 -0.889933 
0.09 0.850803 0.0375296 1 0.4 0.0838599 0.732697 -1 -0.908886 
0.09 0.834038 -0.175344 0.95 0.35 0.160555 0.786158 -1 -0.874285 
0.09 0.807677 -0.438742 0.9 0.3 0.231583 0.828926 -1 -0.828036 
0.09 0.766706 -0.681716 0.85 0.25 0.300029 0.863141 -1 -0.905996 
0.09 0.71106 -0.8215 0.8 0.2 0.311526 0.817835 -1 -0.897301 
0.09 0.649064 -0.872172 0.75 0.15 0.322665 0.818366 -1 -0.780966 
0.09 0.587083 -0.884547 0.7 0.1 0.371214 0.854693 -1 -0.741205 
0.09 0.524907 -0.884675 0.65 0.05 0.414975 0.851508 -1 -0.803059 
0.09 0.458971 -0.881012 0.6 0 0.53198 0.803702 -1 -0.893014 
0.09 0.383952 -0.875774 0.55 -0.05 0.625584 0.751879 -1 -0.937137 
0.09 0.292294 -0.869188 0.5 -0.1 0.700467 0.710977 -1 -0.952764 
0.09 0.172781 -0.860634 0.45 -0.15 0.760374 0.687547 -1 -0.965043 
0.09 0.00952137 -0.848714 0.4 -0.2 0.808299 0.679221 -1 -0.973067 
0.09 -0.212533 -0.830818 0.35 -0.25 0.846639 0.674274 -1 -0.98354 
0.09 -0.47914 -0.802559 0.3 -0.3 0.877311 0.671997 -1 -0.986893 
0.09 -0.71015 -0.759154 0.25 -0.35 0.901849 0.67145 -1 -0.989254 
0.09 -0.833405 -0.70192 0.2 -0.4 0.921479 0.672182 -1 -0.991673 
0.09 -0.875529 -0.639701 0.15 -0.45 0.937183 0.674251 -1 -0.992954 
0.09 -0.885018 -0.577824 0.1 -0.5 0.949747 0.677644 -1 -0.992278 
0.09 -0.884274 -0.515358 0.05 -0.55 0.959797 0.673489 -0.991853 -1 
0.09 -0.880307 -0.448441 0 -0.6 0.967838 0.660702 -0.906752 -1 
0.09 -0.874879 -0.371476 -0.05 -0.65 0.97427 0.651656 -0.708782 -1 
0.09 -0.868054 -0.276464 -0.1 -0.7 0.979416 0.651907 -0.726448 -1 
0.09 -0.859106 -0.1515 -0.15 -0.75 0.983533 0.689595 -0.739668 -1 
0.09 -0.846494 0.0198566 -0.2 -0.8 0.986826 0.623455 -0.79482 -1 
0.09 -0.827367 0.250881 -0.25 -0.85 0.919495 0.547557 -1 -0.948378 
0.09 -0.797088 0.518746 -0.3 -0.9 0.803865 0.469729 -1 -0.918455 
0.09 -0.751269 0.735891 -0.35 -0.95 0.689206 0.405773 -1 -0.993005 
0.09 -0.692678 0.843473 -0.4 -1 0.561896 0.365235 -0.990431 -1 
0.09 -0.630359 0.878209 -0.45 -0.75 0.440384 0.325429 -0.980441 -1 
0.09 -0.568556 0.885285 -0.5 -0.5 0.28437 0.284569 -0.993925 -1 
0.09 -0.505712 0.883809 -0.55 -0.25 0.116587 0.232831 -0.992215 -1 
0.09 -0.437689 0.879572 -0.6 0 -0.0521077 0.170206 -0.989577 -1 
0.09 -0.358601 0.873953 -0.65 0.25 -0.216486 0.109169 -0.995787 -1 
0.09 -0.259968 0.866873 -0.7 0.5 -0.490061 0.0484058 -0.952825 -1 
0.09 -0.129174 0.857498 -0.75 0.75 -0.690599 0.00140395 -0.94069 -1 
0.09 0.050638 0.844131 -0.8 0.95 -0.859866 -0.0476646 -0.936617 -1 
0.09 0.290222 0.823666 -0.85 0.9 -0.979359 -0.0883117 -0.931159 -1 
0.09 0.557157 0.791252 -0.9 0.85 -1.08177 -0.118127 -0.917508 -1 
0.09 0.758918 0.743079 -0.95 0.8 -1.15863 -0.124652 -0.89566 -1 
0.09 0.851921 0.683367 -0.75 0.75 -1.21066 -0.124752 -0.909313 -1 
0.09 0.880322 0.621039 -0.5 0.7 -1.25577 -0.125688 -0.903028 -1 
0.09 0.88538 0.559268 -0.25 0.65 -1.26513 -0.125082 -0.843037 -1 
0.09 0.883288 0.495952 0 0.6 -1.26061 -0.0711067 -0.87031 -1 
0.09 0.878809 0.426691 0.25 0.55 -1.26707 0.0101718 -0.840678 -1 
0.09 0.872996 0.345293 0.5 0.5 -1.15738 0.103189 -0.812465 -1 
0.09 0.865641 0.242756 0.75 0.45 -1.06747 0.216748 -0.769996 -1 
0.09 0.855802 0.105739 1 0.4 -0.9337 0.311306 -0.730792 -1 
0.09 0.841611 -0.0828414 0.948718 0.35 -0.775804 0.387385 -0.706362 -1 
0.09 0.819696 -0.330343 0.897436 0.3 -0.613649 0.452733 -0.714397 -1 
0.09 0.785043 -0.593983 0.846154 0.25 -0.440491 0.515471 -0.731643 -1 
0.09 0.734618 -0.779281 0.794872 0.2 -0.264897 0.579884 -0.695376 -1 
0.09 0.674012 -0.858954 0.74359 0.15 -0.0254511 0.64768 -0.580235 -1 
0.09 0.611741 -0.881959 0.692308 0.1 0.179639 0.717584 -0.522112 -1 
0.09 0.549949 -0.885333 0.641026 0.05 0.343711 0.774067 -0.618192 -1 
0.09 0.486061 -0.88272 0.589744 0 0.474969 0.819254 -0.785474 -1 
0.09 0.415426 -0.878017 0.538462 -0.05 0.579975 0.779009 -0.917314 -1 
0.09 0.331517 -0.872005 0.487179 -0.1 0.66398 0.736145 -0.934613 -1 
0.09 0.224777 -0.864356 0.435897 -0.15 0.731184 0.70458 -0.947485 -1 
0.09 0.0811334 -0.854011 0.384615 -0.2 0.784947 0.681871 -0.955553 -1 
0.09 -0.116465 -0.838922 0.333333 -0.25 0.827958 0.667539 -0.961991 -1 
0.09 -0.370981 -0.815437 0.282051 -0.3 0.862366 0.659749 -0.967347 -1 
0.09 -0.628868 -0.778459 0.230769 -0.35 0.889893 0.656816 -0.971481 -1 
0.09 -0.797097 -0.72592 0.179487 -0.4 0.911914 0.657245 -0.974799 -1 
0.09 -0.864764 -0.664636 0.128205 -0.45 0.929532 0.660421 -0.978338 -1 
0.09 -0.883198 -0.602462 0.0769231 -0.5 0.943625 0.662086 -0.979395 -1 
0.09 -0.885166 -0.540587 0.025641 -0.55 0.9549 0.660377 -0.981838 -1 
0.09 -0.882108 -0.476021 -0.025641 -0.6 0.96392 0.675949 -0.989979 -1 
0.09 -0.877197 -0.403866 -0.0769231 -0.65 0.971136 0.692704 -1 -0.95177 
0.09 -0.870979 -0.317234 -0.128205 -0.7 0.976909 0.699736 -1 -0.917974 
0.09 -0.863011 -0.205975 -0.179487 -0.75 0.981527 0.71726 -1 -0.957828 
0.09 -0.852116 -0.0552951 -0.230769 -0.8 0.985222 0.669393 -1 -0.966065 
0.09 -0.836046 0.151483 -0.282051 -0.85 0.988177 0.593462 -1 -0.995038 
