-0 0 0 0 0 0 
-0 0 0 0 0 0 
-0.933979 0 0 0 0 0 
0.934375 0 0 0 0 0 
0.721546 0 0 0 0 0 
-0.906471 0 0 0 0 0 
-0.906471 0 0 0 0 0 
-0.906471 0 0 0 0 0 
-0.906471 0 0 0 0 0 
-0.906471 0 0 0 0 0 
-0.906471 0 0 0 0 0 
-0.906471 0 0 0 0 0 
-0.906471 0 0 0 0 0 
-0.906471 0 0 0 0 0 
-0.906471 0 0 0 0 0 
-0.906471 0 0 0 0 0 
-0.906471 -0 0 0 0 0 
-0.906471 -0 0 0 0 0 
-0.906471 -0.933979 0 0 0 0 
-0.906471 0.934375 0 0 0 0 
-0.906471 0.721546 0 0 0 0 
-0.906471 -0.906471 0 0 0 0 
-0.906471 -0.906471 0 0 0 0 
-0.906471 -0.906471 0 0 0 0 
-0.906471 -0.906471 0 0 0 0 
-0.906471 -0.906471 0 0 0 0 
-0.906471 -0.906471 0 0 0 0 
-0.906471 -0.906471 0 0 0 0 
-0.906471 -0.906471 0 0 0 0 
-0.906471 -0.906471 0 0 0 0 
-0.906471 -0.906471 0 0 0 0 
-0.906471 -0.906471 0 0 0 0 
-0.906471 -0.906471 -0 0 0 0 
-0.906471 -0.906471 -0 0 0 0 
-0.906471 -0.906471 -0.933979 0 0 0 
-0.906471 -0.906471 0.934375 0 0 0 
0.900333 -0.906471 0.721546 0 0 0 
0.900333 -0.906471 -0.906471 0 0 0 
0.900333 -0.906471 -0.906471 0 0 0 
0.900333 -0.906471 -0.906471 0 0 0 
0.900333 -0.906471 -0.906471 0 0 0 
0.900333 -0.906471 -0.906471 0 0 0 
0.900333 -0.906471 -0.906471 0 0 0 
0.896029 -0.906471 -0.906471 0 0 0 
0.890798 -0.906471 -0.906471 0 0 0 
0.884372 -0.906471 -0.906471 0 0 0 
0.876391 -0.906471 -0.906471 0 0 0 
0.867757 -0.906471 -0.906471 0 0 0 
0.855323 -0.906471 -0.906471 -0 0 0 
0.839324 -0.906471 -0.906471 -0 0 0 
0.818496 -0.906471 -0.906471 -0.933979 0 0 
0.791108 -0.906471 -0.906471 0.934375 0 0 
0.754832 0.900333 -0.906471 0.721546 0 0 
0.706667 0.900333 -0.906471 -0.906471 0 0 
0.643016 0.900333 -0.906471 -0.906471 0 0 
0.559598 0.900333 -0.906471 -0.906471 0 0 
0.453637 0.900333 -0.906471 -0.906471 0 0 
0.324227 0.900333 -0.906471 -0.906471 0 0 
0.174178 0.900333 -0.906471 -0.906471 0 0 
0.0107318 0.896029 -0.906471 -0.906471 0 0 
-0.155358 0.890798 -0.906471 -0.906471 0 0 
-0.312387 0.884372 -0.906471 -0.906471 0 0 
-0.450827 0.876391 -0.906471 -0.906471 0 0 
-0.565467 0.867757 -0.906471 -0.906471 0 0 
-0.655669 0.855323 -0.906471 -0.906471 -0 0 
-0.724058 0.839324 -0.906471 -0.906471 -0 0 
-0.774739 0.818496 -0.906471 -0.906471 -0.933979 0 
-0.811915 0.791108 -0.906471 -0.906471 0.934375 0 
-0.839172 0.754832 0.900333 -0.906471 0.721546 0 
-0.859284 0.706667 0.900333 -0.906471 -0.906471 0 
-0.874282 0.643016 0.900333 -0.906471 -0.906471 0 
-0.885612 0.559598 0.900333 -0.906471 -0.906471 0 
-0.894289 0.453637 0.900333 -0.906471 -0.906471 0 
-0.901027 0.324227 0.900333 -0.906471 -0.906471 0 
-0.906328 0.174178 0.900333 -0.906471 -0.906471 0 
-0.906336 0.0107318 0.896029 -0.906471 -0.906471 0 
-0.90634 -0.155358 0.890798 -0.906471 -0.906471 0 
-0.906358 -0.312387 0.884372 -0.906471 -0.906471 0 
-0.906366 -0.450827 0.876391 -0.906471 -0.906471 0 
-0.906374 -0.565467 0.867757 -0.906471 -0.906471 0 
-0.906382 -0.655669 0.855323 -0.906471 -0.906471 -0 
-0.906389 -0.724058 0.839324 -0.906471 -0.906471 -0 
-0.906397 -0.774739 0.818496 -0.906471 -0.906471 -0.933979 
-0.866615 -0.811915 0.791108 -0.906471 -0.906471 0.934375 
-0.717731 -0.839172 0.754832 0.900333 -0.906471 0.721546 
-0.21024 -0.859284 0.706667 0.900333 -0.906471 -0.906471 
0.477523 -0.874282 0.643016 0.900333 -0.906471 -0.906471 
0.783172 -0.885612 0.559598 0.900333 -0.906471 -0.906471 
0.871039 -0.894289 0.453637 0.900333 -0.906471 -0.906471 
0.900368 -0.901027 0.324227 0.900333 -0.906471 -0.906471 
0.900364 -0.906328 0.174178 0.900333 -0.906471 -0.906471 
0.896984 -0.906336 0.0107318 0.896029 -0.906471 -0.906471 
0.893037 -0.90634 -0.155358 0.890798 -0.906471 -0.906471 
0.888407 -0.906358 -0.312387 0.884372 -0.906471 -0.906471 
0.882927 -0.906366 -0.450827 0.876391 -0.906471 -0.906471 
0.876425 -0.906374 -0.565467 0.867757 -0.906471 -0.906471 
0.868678 -0.906382 -0.655669 0.855323 -0.906471 -0.906471 
0.859342 -0.906389 -0.724058 0.839324 -0.906471 -0.906471 
0.848017 -0.906397 -0.774739 0.818496 -0.906471 -0.906471 
0.834194 -0.866615 -0.811915 0.791108 -0.906471 -0.906471 
0.817233 -0.717731 -0.839172 0.754832 0.900333 -0.906471 
0.796338 -0.21024 -0.859284 0.706667 0.900333 -0.906471 
0.770336 0.477523 -0.874282 0.643016 0.900333 -0.906471 
0.736627 0.783172 -0.885612 0.559598 0.900333 -0.906471 
0.694296 0.871039 -0.894289 0.453637 0.900333 -0.906471 
0.641451 0.900368 -0.901027 0.324227 0.900333 -0.906471 
0.576091 0.900364 -0.906328 0.174178 0.900333 -0.906471 
0.496553 0.896984 -0.906336 0.0107318 0.896029 -0.906471 
0.401941 0.893037 -0.90634 -0.155358 0.890798 -0.906471 
0.292662 0.888407 -0.906358 -0.312387 0.884372 -0.906471 
0.170874 0.882927 -0.906366 -0.450827 0.876391 -0.906471 
0.0405709 0.876425 -0.906374 -0.565467 0.867757 -0.906471 
-0.0927883 0.868678 -0.906382 -0.655669 0.855323 -0.906471 
-0.22311 0.859342 -0.906389 -0.724058 0.839324 -0.906471 
-0.344733 0.848017 -0.906397 -0.774739 0.818496 -0.906471 
-0.453374 0.834194 -0.866615 -0.811915 0.791108 -0.906471 
-0.546656 0.817233 -0.717731 -0.839172 0.754832 0.900333 
-0.624136 0.796338 -0.21024 -0.859284 0.706667 0.900333 
-0.686801 0.770336 0.477523 -0.874282 0.643016 0.900333 
-0.736538 0.736627 0.783172 -0.885612 0.559598 0.900333 
-0.775574 0.694296 0.871039 -0.894289 0.453637 0.900333 
-0.806023 0.641451 0.900368 -0.901027 0.324227 0.900333 
-0.829765 0.576091 0.900364 -0.906329 0.174178 0.900333 
-0.848337 0.496553 0.896984 -0.906339 0.0107318 0.896029 
-0.862947 0.401941 0.893037 -0.906349 -0.155358 0.890798 
-0.874526 0.292662 0.888407 -0.906347 -0.312387 0.884372 
-0.883781 0.170874 0.882927 -0.906351 -0.450827 0.876391 
-0.891243 0.0405709 0.876425 -0.90637 -0.565467 0.867757 
-0.897313 -0.0927883 0.868678 -0.906381 -0.655669 0.855323 
-0.902295 -0.22311 0.859342 -0.906388 -0.724058 0.839324 
-0.874619 -0.344733 0.848017 -0.906395 -0.774739 0.818496 
-0.776307 -0.453374 0.834194 -0.866615 -0.811915 0.791108 
-0.457117 -0.546656 0.817233 -0.717732 -0.839172 0.754832 
0.163375 -0.624136 0.796338 -0.210233 -0.859284 0.706667 
0.636044 -0.686801 0.770336 0.477539 -0.874282 0.643016 
0.815916 -0.736538 0.736627 0.783246 -0.885612 0.559598 
0.876442 -0.775574 0.694296 0.871054 -0.894289 0.453637 
0.900354 -0.806023 0.641451 0.900376 -0.901027 0.324227 
0.896881 -0.829765 0.576091 0.90037 -0.906329 0.174178 
0.89281 -0.848337 0.496553 0.896991 -0.906339 0.0107318 
0.888007 -0.862947 0.401941 0.893048 -0.906349 -0.155358 
0.882297 -0.874526 0.292662 0.888417 -0.906347 -0.312387 
0.875527 -0.883781 0.170874 0.882937 -0.906351 -0.450827 
0.867386 -0.891243 0.0405709 0.876442 -0.90637 -0.565467 
0.857528 -0.897313 -0.0927883 0.868697 -0.906381 -0.655669 
0.845514 -0.902295 -0.22311 0.859364 -0.906388 -0.724058 
0.830789 -0.874619 -0.344733 0.848042 -0.906395 -0.774739 
0.812662 -0.776307 -0.453374 0.834222 -0.866615 -0.811915 
0.790295 -0.457117 -0.546656 0.817263 -0.717732 -0.839172 
0.761095 0.163375 -0.624136 0.796371 -0.210233 -0.859284 
0.723953 0.636044 -0.686801 0.770359 0.477539 -0.874282 
0.67708 0.815916 -0.736538 0.73664 0.783246 -0.885612 
0.618423 0.876442 -0.775574 0.694323 0.871054 -0.894289 
0.545857 0.900354 -0.806023 0.641467 0.900376 -0.901027 
0.45786 0.896881 -0.829765 0.576102 0.90037 -0.906329 
0.353991 0.89281 -0.848337 0.496559 0.896991 -0.906339 
0.235502 0.888007 -0.862947 0.401941 0.893048 -0.906349 
0.105642 0.882297 -0.874526 0.292656 0.888417 -0.906347 
-0.0303989 0.875527 -0.883781 0.170871 0.882937 -0.906351 
-0.166243 0.867386 -0.891243 0.0405701 0.876442 -0.90637 
-0.295425 0.857528 -0.897313 -0.092787 0.868697 -0.906381 
-0.41259 0.845514 -0.902295 -0.223105 0.859364 -0.906388 
-0.514327 0.830789 -0.874619 -0.344719 0.848042 -0.906395 
-0.59945 0.812662 -0.776307 -0.453367 0.834222 -0.866615 
-0.668514 0.790295 -0.457117 -0.546664 0.817263 -0.717732 
-0.72326 0.761095 0.163375 -0.624125 0.796371 -0.210233 
-0.766169 0.723953 0.636044 -0.686803 0.770359 0.477539 
-0.799457 0.67708 0.815916 -0.736547 0.73664 0.783246 
-0.825187 0.618423 0.876442 -0.775569 0.694323 0.871054 
-0.84518 0.545857 0.900354 -0.806018 0.641467 0.900376 
-0.860813 0.45786 0.896881 -0.829761 0.576102 0.90037 
-0.873092 0.353991 0.89281 -0.848329 0.496559 0.896991 
-0.882839 0.235502 0.888007 -0.862937 0.401941 0.893048 
-0.890645 0.105642 0.882297 -0.87451 0.292656 0.888417 
-0.896957 -0.0303989 0.875527 -0.883749 0.170871 0.882937 
-0.902108 -0.166243 0.867386 -0.891194 0.0405701 0.876442 
-0.906354 -0.295425 0.857528 -0.897252 -0.092787 0.868697 
-0.906367 -0.41259 0.845514 -0.902248 -0.223105 0.859364 
-0.874552 -0.514327 0.830789 -0.874552 -0.344719 0.848042 
-0.776175 -0.59945 0.812662 -0.776193 -0.453367 0.834222 
-0.45692 -0.668514 0.790295 -0.456987 -0.546664 0.817263 
0.163286 -0.72326 0.761095 0.163307 -0.624125 0.796371 
0.635836 -0.766169 0.723953 0.635919 -0.686803 0.770359 
0.815796 -0.799457 0.67708 0.815844 -0.736547 0.73664 
0.876371 -0.825187 0.618423 0.876397 -0.775569 0.694323 
0.896928 -0.84518 0.545857 0.900325 -0.806018 0.641467 
0.892981 -0.860813 0.45786 0.896851 -0.829761 0.576102 
0.888345 -0.873092 0.353991 0.892777 -0.848329 0.496559 
0.882866 -0.882839 0.235502 0.88797 -0.862937 0.401941 
0.876326 -0.890645 0.105642 0.882262 -0.87451 0.292656 
0.868554 -0.896957 -0.0303989 0.875501 -0.883749 0.170871 
0.859145 -0.902108 -0.166243 0.867363 -0.891194 0.0405701 
0.847761 -0.906354 -0.295425 0.857513 -0.897252 -0.092787 
0.833868 -0.906367 -0.41259 0.845506 -0.902248 -0.223105 
0.816762 -0.874552 -0.514327 0.830786 -0.874552 -0.344719 
0.795634 -0.776175 -0.59945 0.812663 -0.776193 -0.453367 
0.769468 -0.45692 -0.668514 0.7903 -0.456987 -0.546664 
0.736808 0.163286 -0.72326 0.761103 0.163307 -0.624125 
0.694529 0.635836 -0.766169 0.723958 0.635919 -0.686803 
0.641714 0.815796 -0.799457 0.677115 0.815844 -0.736547 
0.576403 0.876371 -0.825187 0.61844 0.876397 -0.775569 
0.496912 0.896928 -0.84518 0.545878 0.900325 -0.806018 
0.402353 0.892981 -0.860813 0.457887 0.896851 -0.829761 
0.293129 0.888345 -0.873092 0.354023 0.892777 -0.848329 
0.171392 0.882866 -0.882839 0.235523 0.88797 -0.862937 
0.0411154 0.876326 -0.890645 0.105657 0.882262 -0.87451 
-0.0922398 0.868554 -0.896957 -0.0304032 0.875501 -0.883749 
-0.222567 0.859145 -0.902108 -0.166277 0.867363 -0.891194 
-0.344232 0.847761 -0.906354 -0.295504 0.857513 -0.897252 
-0.452949 0.833868 -0.906367 -0.412725 0.845506 -0.902248 
-0.546334 0.816762 -0.874552 -0.514521 0.830786 -0.874552 
-0.623852 0.795634 -0.776175 -0.599645 0.812663 -0.776193 
-0.686566 0.769468 -0.45692 -0.668697 0.7903 -0.456987 
-0.736355 0.736808 0.163286 -0.723472 0.761103 0.163307 
-0.7754 0.694529 0.635836 -0.766296 0.723958 0.635919 
-0.805837 0.641714 0.815796 -0.799527 0.677115 0.815844 
-0.829617 0.576403 0.876371 -0.825266 0.61844 0.876397 
-0.84821 0.496912 0.896928 -0.845253 0.545878 0.900325 
-0.862839 0.402353 0.892981 -0.860861 0.457887 0.896851 
-0.874434 0.293129 0.888345 -0.873141 0.354023 0.892777 
-0.883697 0.171392 0.882866 -0.882888 0.235523 0.88797 
-0.891168 0.0411154 0.876326 -0.890696 0.105657 0.882262 
-0.897246 -0.0922398 0.868554 -0.89701 -0.0304032 0.875501 
-0.902233 -0.222567 0.859145 -0.902162 -0.166277 0.867363 
-0.906364 -0.344232 0.847761 -0.906404 -0.295504 0.857513 
-0.866587 -0.452949 0.833868 -0.90641 -0.412725 0.845506 
-0.717733 -0.546334 0.816762 -0.874619 -0.514521 0.830786 
-0.210555 -0.623852 0.795634 -0.776307 -0.599645 0.812663 
0.47707 -0.686566 0.769468 -0.457117 -0.668697 0.7903 
0.78303 -0.736355 0.736808 0.163375 -0.723472 0.761103 
0.870964 -0.7754 0.694529 0.636044 -0.766296 0.723958 
0.900326 -0.805837 0.641714 0.815916 -0.799527 0.677115 
0.900321 -0.829617 0.576403 0.876442 -0.825266 0.61844 
0.896939 -0.84821 0.496912 0.896981 -0.845253 0.545878 
0.892998 -0.862839 0.402353 0.893036 -0.860861 0.457887 
0.888367 -0.874434 0.293129 0.888403 -0.873141 0.354023 
0.882879 -0.883697 0.171392 0.882922 -0.882888 0.235523 
0.876406 -0.891168 0.0411154 0.876391 -0.890696 0.105657 
0.868677 -0.897246 -0.0922398 0.86862 -0.89701 -0.0304032 
0.859363 -0.902233 -0.222567 0.859247 -0.902162 -0.166277 
0.8481 -0.906364 -0.344232 0.847864 -0.906404 -0.295504 
0.834403 -0.866587 -0.452949 0.833948 -0.90641 -0.412725 
0.817659 -0.717733 -0.546334 0.816839 -0.874619 -0.514521 
0.797143 -0.210555 -0.623852 0.795711 -0.776307 -0.599645 
0.770508 0.47707 -0.686566 0.769555 -0.457117 -0.668697 
0.736832 0.78303 -0.736355 0.736905 0.163375 -0.723472 
0.694486 0.870964 -0.7754 0.694633 0.636044 -0.766296 
0.641723 0.900326 -0.805837 0.641827 0.815916 -0.799527 
0.576393 0.900321 -0.829617 0.576515 0.876442 -0.825266 
0.496909 0.896939 -0.84821 0.497025 0.896981 -0.845253 
0.40235 0.892998 -0.862839 0.402453 0.893036 -0.860861 
0.293126 0.888367 -0.874434 0.293208 0.888403 -0.873141 
0.171385 0.882879 -0.883697 0.171435 0.882922 -0.882888 
0.0411124 0.876406 -0.891168 0.0411242 0.876391 -0.890696 
-0.0922403 0.868677 -0.897246 -0.0922665 0.86862 -0.89701 
-0.222589 0.859363 -0.902233 -0.22264 0.859247 -0.902162 
-0.344253 0.8481 -0.906364 -0.344327 0.847864 -0.906404 
-0.452956 0.834403 -0.866587 -0.453038 0.833948 -0.90641 
-0.546309 0.817659 -0.717733 -0.546395 0.816839 -0.874619 
-0.623851 0.797143 -0.210555 -0.623927 0.795711 -0.776307 
-0.686571 0.770508 0.47707 -0.686644 0.769555 -0.457117 
-0.736387 0.736832 0.78303 -0.736428 0.736905 0.163375 
-0.775451 0.694486 0.870964 -0.775485 0.694633 0.636044 
-0.805894 0.641723 0.900326 -0.805957 0.641827 0.815916 
-0.829644 0.576393 0.900321 -0.829716 0.576515 0.876442 
-0.848247 0.496909 0.896939 -0.848299 0.497025 0.896981 
-0.862876 0.40235 0.892998 -0.862918 0.402453 0.893036 
-0.874467 0.293126 0.888367 -0.874504 0.293208 0.888403 
-0.883731 0.171385 0.882879 -0.883764 0.171435 0.882922 
-0.891202 0.0411124 0.876406 -0.89123 0.0411242 0.876391 
-0.897281 -0.0922403 0.868677 -0.897303 -0.0922665 0.86862 
-0.90227 -0.222589 0.859363 -0.902286 -0.22264 0.859247 
-0.906399 -0.344253 0.8481 -0.90641 -0.344327 0.847864 
-0.874596 -0.452956 0.834403 -0.866656 -0.453038 0.833948 
-0.776257 -0.546309 0.817659 -0.717887 -0.546395 0.816839 
-0.457061 -0.623851 0.797143 -0.210649 -0.623927 0.795711 
0.163347 -0.686571 0.770508 0.477236 -0.686644 0.769555 
0.635978 -0.736387 0.736832 0.783147 -0.736428 0.736905 
0.815873 -0.775451 0.694486 0.87102 -0.775485 0.694633 
0.876416 -0.805894 0.641723 0.90036 -0.805957 0.641827 
0.896961 -0.829644 0.576393 0.900354 -0.829716 0.576515 
0.893015 -0.848247 0.496909 0.896974 -0.848299 0.497025 
0.888376 -0.862876 0.40235 0.89303 -0.862918 0.402453 
0.882897 -0.874467 0.293126 0.888396 -0.874504 0.293208 
0.876413 -0.883731 0.171385 0.882914 -0.883764 0.171435 
0.868663 -0.891202 0.0411124 0.876451 -0.89123 0.0411242 
0.859323 -0.897281 -0.0922403 0.868723 -0.897303 -0.0922665 
0.847989 -0.90227 -0.222589 0.859424 -0.902286 -0.22264 
0.834147 -0.906399 -0.344253 0.848166 -0.90641 -0.344327 
0.817203 -0.874596 -0.452956 0.834464 -0.866656 -0.453038 
0.796298 -0.776257 -0.546309 0.817719 -0.717887 -0.546395 
0.770502 -0.457061 -0.623851 0.797213 -0.210649 -0.623927 
0.736803 0.163347 -0.686571 0.770585 0.477236 -0.686644 
0.694507 0.635978 -0.736387 0.736905 0.783147 -0.736428 
0.641683 0.815873 -0.775451 0.694633 0.87102 -0.775485 
0.576345 0.876416 -0.805894 0.641827 0.90036 -0.805957 
0.496834 0.896961 -0.829644 0.576515 0.900354 -0.829716 
0.402252 0.893015 -0.848247 0.497025 0.896974 -0.848299 
0.293011 0.888376 -0.862876 0.402453 0.89303 -0.862918 
0.171253 0.882897 -0.874467 0.293208 0.888396 -0.874504 
0.0409796 0.876413 -0.883731 0.171435 0.882914 -0.883764 
-0.0923687 0.868663 -0.891202 0.0411242 0.876451 -0.89123 
-0.222663 0.859323 -0.897281 -0.0922665 0.868723 -0.897303 
-0.344275 0.847989 -0.90227 -0.22264 0.859424 -0.902286 
-0.45293 0.834147 -0.906399 -0.344327 0.848166 -0.90641 
-0.54632 0.817203 -0.874596 -0.453038 0.834464 -0.866656 
-0.623816 0.796298 -0.776257 -0.546395 0.817719 -0.717887 
-0.686542 0.770502 -0.457061 -0.623927 0.797213 -0.210649 
-0.736335 0.736803 0.163347 -0.686644 0.770585 0.477236 
-0.775338 0.694507 0.635978 -0.736428 0.736905 0.783147 
-0.805833 0.641683 0.815873 -0.775485 0.694633 0.87102 
-0.829621 0.576345 0.876416 -0.805957 0.641827 0.90036 
-0.848199 0.496834 0.896961 -0.829716 0.576515 0.900354 
-0.862819 0.402252 0.893015 -0.848299 0.497025 0.896974 
-0.874409 0.293011 0.888376 -0.862918 0.402453 0.89303 
-0.883673 0.171253 0.882897 -0.874504 0.293208 0.888396 
-0.89114 0.0409796 0.876413 -0.883764 0.171435 0.882914 
-0.897216 -0.0923687 0.868663 -0.89123 0.0411242 0.876451 
-0.902197 -0.222663 0.859323 -0.897303 -0.0922665 0.868723 
-0.906325 -0.344275 0.847989 -0.902286 -0.22264 0.859424 
-0.866511 -0.45293 0.834147 -0.90641 -0.344327 0.848166 
-0.717599 -0.54632 0.817203 -0.874619 -0.453038 0.834464 
-0.210547 -0.623816 0.796298 -0.776307 -0.546395 0.817719 
0.476718 -0.686542 0.770502 -0.457117 -0.623927 0.797213 
0.782828 -0.736335 0.736803 0.163375 -0.686644 0.770585 
0.870869 -0.775338 0.694507 0.636044 -0.736428 0.736905 
0.900269 -0.805833 0.641683 0.815916 -0.775485 0.694633 
0.900266 -0.829621 0.576345 0.876442 -0.805957 0.641827 
0.896882 -0.848199 0.496834 0.896981 -0.829716 0.576515 
0.892943 -0.862819 0.402252 0.893036 -0.848299 0.497025 
0.88831 -0.874409 0.293011 0.888403 -0.862918 0.402453 
0.882811 -0.883673 0.171253 0.882922 -0.874504 0.293208 
0.876314 -0.89114 0.0409796 0.876442 -0.883764 0.171435 
0.868568 -0.897216 -0.0923687 0.868697 -0.89123 0.0411242 
0.8592 -0.902197 -0.222663 0.859364 -0.897303 -0.0922665 
0.847854 -0.906325 -0.344275 0.848042 -0.902286 -0.22264 
0.83406 -0.866511 -0.45293 0.834222 -0.90641 -0.344327 
0.817094 -0.717599 -0.54632 0.817263 -0.874619 -0.453038 
0.796183 -0.210547 -0.623816 0.796371 -0.776307 -0.546395 
0.770149 0.476718 -0.686542 0.770585 -0.457117 -0.623927 
0.736423 0.782828 -0.736335 0.736898 0.163375 -0.686644 
0.693953 0.870869 -0.775338 0.694616 0.636044 -0.736428 
0.641189 0.900269 -0.805833 0.641798 0.815916 -0.775485 
0.575785 0.900266 -0.829621 0.576472 0.876442 -0.805957 
0.496264 0.896882 -0.848199 0.496964 0.896981 -0.829716 
0.401674 0.892943 -0.862819 0.402373 0.893036 -0.848299 
0.292456 0.88831 -0.874409 0.293108 0.888403 -0.862918 
0.170748 0.882811 -0.883673 0.171318 0.882922 -0.874504 
0.0405439 0.876314 -0.89114 0.0409941 0.876442 -0.883764 
-0.0927291 0.868568 -0.897216 -0.0924028 0.868697 -0.89123 
-0.222977 0.8592 -0.902197 -0.222775 0.859364 -0.897303 
-0.344539 0.847854 -0.906325 -0.344454 0.848042 -0.902286 
-0.453165 0.83406 -0.866511 -0.453152 0.834222 -0.90641 
-0.546445 0.817094 -0.717599 -0.546493 0.817263 -0.874619 
-0.623917 0.796183 -0.210547 -0.624009 0.796371 -0.776307 
-0.686588 0.770149 0.476718 -0.68671 0.770585 -0.457117 
-0.736366 0.736423 0.782828 -0.736481 0.736898 0.163375 
-0.775377 0.693953 0.870869 -0.775527 0.694616 0.636044 
-0.805747 0.641189 0.900269 -0.80599 0.641798 0.815916 
-0.829472 0.575785 0.900266 -0.829742 0.576472 0.876442 
-0.84811 0.496264 0.896882 -0.84832 0.496964 0.896981 
-0.86276 0.401674 0.892943 -0.862934 0.402373 0.893036 
-0.874364 0.292456 0.88831 -0.874517 0.293108 0.888403 
-0.883639 0.170748 0.882811 -0.883774 0.171318 0.882922 
-0.891117 0.0405439 0.876314 -0.891238 0.0409941 0.876442 
-0.897207 -0.0927291 0.868568 -0.89731 -0.0924028 0.868697 
-0.902208 -0.222977 0.8592 -0.902292 -0.222775 0.859364 
-0.874505 -0.344539 0.847854 -0.906415 -0.344454 0.848042 
-0.776048 -0.453165 0.83406 -0.86667 -0.453152 0.834222 
-0.456728 -0.546445 0.817094 -0.71794 -0.546493 0.817263 
0.163213 -0.623917 0.796183 -0.210788 -0.624009 0.796371 
0.635667 -0.686588 0.770149 0.477133 -0.68671 0.770585 
0.815655 -0.736366 0.736423 0.783113 -0.736481 0.736898 
0.876289 -0.775377 0.693953 0.871008 -0.775527 0.694616 
0.900244 -0.805747 0.641189 0.900355 -0.80599 0.641798 
0.896762 -0.829472 0.575785 0.900349 -0.829742 0.576472 
0.892683 -0.84811 0.496264 0.896969 -0.84832 0.496964 
0.88785 -0.86276 0.401674 0.893023 -0.862934 0.402373 
0.882126 -0.874364 0.292456 0.888389 -0.874517 0.293108 
0.875326 -0.883639 0.170748 0.882914 -0.883774 0.171318 
0.867123 -0.891117 0.0405439 0.876442 -0.891238 0.0409941 
0.857195 -0.897207 -0.0927291 0.868697 -0.89731 -0.0924028 
0.84506 -0.902208 -0.222977 0.859364 -0.902292 -0.222775 
0.830263 -0.874505 -0.344539 0.848042 -0.906415 -0.344454 
0.812177 -0.776048 -0.453165 0.834222 -0.86667 -0.453152 
0.789711 -0.456728 -0.546445 0.817263 -0.71794 -0.546493 
0.760464 0.163213 -0.623917 0.796371 -0.210788 -0.624009 
0.723214 0.635667 -0.686588 0.770359 0.477133 -0.68671 
0.675901 0.815655 -0.736366 0.73664 0.783113 -0.736481 
0.617439 0.876289 -0.775377 0.694323 0.871008 -0.775527 
0.544826 0.900244 -0.805747 0.641467 0.900355 -0.80599 
0.456828 0.896762 -0.829472 0.576102 0.900349 -0.829742 
0.353129 0.892683 -0.84811 0.496559 0.896969 -0.84832 
0.234868 0.88785 -0.86276 0.401941 0.893023 -0.862934 
0.105328 0.882126 -0.874364 0.292662 0.888389 -0.874517 
-0.0303127 0.875326 -0.883639 0.170874 0.882914 -0.883774 
-0.165761 0.867123 -0.891117 0.0405709 0.876442 -0.891238 
-0.294384 0.857195 -0.897207 -0.0927883 0.868697 -0.89731 
-0.411234 0.84506 -0.902208 -0.22311 0.859364 -0.902292 
-0.512943 0.830263 -0.874505 -0.344733 0.848042 -0.906415 
-0.598429 0.812177 -0.776048 -0.453374 0.834222 -0.86667 
-0.667536 0.789711 -0.456728 -0.546664 0.817263 -0.71794 
-0.722375 0.760464 0.163213 -0.624136 0.796371 -0.210788 
-0.765427 0.723214 0.635667 -0.686803 0.770359 0.477133 
-0.798537 0.675901 0.815655 -0.736547 0.73664 0.783113 
-0.824211 0.617439 0.876289 -0.775574 0.694323 0.871008 
-0.844259 0.544826 0.900244 -0.806023 0.641467 0.900355 
-0.860142 0.456828 0.896762 -0.829765 0.576102 0.900349 
-0.87247 0.353129 0.892683 -0.848337 0.496559 0.896969 
-0.882255 0.234868 0.88785 -0.862947 0.401941 0.893023 
-0.890085 0.105328 0.882126 -0.874526 0.292662 0.888389 
-0.896403 -0.0303127 0.875326 -0.883781 0.170874 0.882914 
-0.90158 -0.165761 0.867123 -0.891243 0.0405709 0.876442 
-0.905864 -0.294384 0.857195 -0.897313 -0.0927883 0.868697 
-0.905957 -0.411234 0.84506 -0.902295 -0.22311 0.859364 
-0.873931 -0.512943 0.830263 -0.874619 -0.344733 0.848042 
-0.774975 -0.598429 0.812177 -0.776307 -0.453374 0.834222 
-0.455457 -0.667536 0.789711 -0.457117 -0.546664 0.817263 
0.162632 -0.722375 0.760464 0.163375 -0.624136 0.796371 
0.634306 -0.765427 0.723214 0.636044 -0.686803 0.770359 
0.814875 -0.798537 0.675901 0.815916 -0.736547 0.73664 
0.87583 -0.824211 0.617439 0.876442 -0.775574 0.694323 
0.89651 -0.844259 0.544826 0.900354 -0.806023 0.641467 
0.892535 -0.860142 0.456828 0.896881 -0.829765 0.576102 
0.887849 -0.87247 0.353129 0.89281 -0.848337 0.496559 
0.882306 -0.882255 0.234868 0.888007 -0.862947 0.401941 
0.875726 -0.890085 0.105328 0.882297 -0.874526 0.292662 
0.867816 -0.896403 -0.0303127 0.875527 -0.883781 0.170874 
0.858243 -0.90158 -0.165761 0.867386 -0.891243 0.0405709 
0.846663 -0.905864 -0.294384 0.857528 -0.897313 -0.0927883 
0.832675 -0.905957 -0.411234 0.845514 -0.902295 -0.22311 
0.815568 -0.873931 -0.512943 0.830789 -0.874619 -0.344733 
0.794254 -0.774975 -0.598429 0.812663 -0.776307 -0.453374 
0.768006 -0.455457 -0.667536 0.7903 -0.457117 -0.546664 
0.735137 0.162632 -0.722375 0.761103 0.163375 -0.624136 
0.692753 0.634306 -0.765427 0.723958 0.636044 -0.686803 
0.639508 0.814875 -0.798537 0.677115 0.815916 -0.736547 
0.574321 0.87583 -0.824211 0.61844 0.876442 -0.775574 
0.494808 0.89651 -0.844259 0.545878 0.900354 -0.806023 
0.400461 0.892535 -0.860142 0.457887 0.896881 -0.829765 
0.291662 0.887849 -0.87247 0.354023 0.89281 -0.848337 
0.170545 0.882306 -0.882255 0.235523 0.888007 -0.862947 
0.0409272 0.875726 -0.890085 0.105657 0.882297 -0.874526 
-0.0917571 0.867816 -0.896403 -0.0304032 0.875527 -0.883781 
-0.221328 0.858243 -0.90158 -0.166277 0.867386 -0.891243 
-0.342643 0.846663 -0.905864 -0.295504 0.857528 -0.897313 
-0.451198 0.832675 -0.905957 -0.412725 0.845514 -0.902295 
-0.544767 0.815568 -0.873931 -0.514521 0.830789 -0.874619 
-0.622128 0.794254 -0.774975 -0.599645 0.812663 -0.776307 
-0.684749 0.768006 -0.455457 -0.668697 0.7903 -0.457117 
-0.734385 0.735137 0.162632 -0.723472 0.761103 0.163375 
-0.773271 0.692753 0.634306 -0.766296 0.723958 0.636044 
-0.802706 0.639508 0.814875 -0.799527 0.677115 0.815916 
-0.827036 0.574321 0.87583 -0.825266 0.61844 0.876442 
-0.845861 0.494808 0.89651 -0.845253 0.545878 0.900354 
-0.860713 0.400461 0.892535 -0.860861 0.457887 0.896881 
-0.872624 0.291662 0.887849 -0.873141 0.354023 0.89281 
-0.882081 0.170545 0.882306 -0.882888 0.235523 0.888007 
-0.889719 0.0409272 0.875726 -0.890696 0.105657 0.882297 
-0.89593 -0.0917571 0.867816 -0.89701 -0.0304032 0.875527 
-0.901016 -0.221328 0.858243 -0.902162 -0.166277 0.867386 
-0.905364 -0.342643 0.846663 -0.906404 -0.295504 0.857528 
-0.865059 -0.451198 0.832675 -0.90641 -0.412725 0.845514 
-0.714543 -0.544767 0.815568 -0.874619 -0.514521 0.830789 
-0.208611 -0.622128 0.794254 -0.776307 -0.599645 0.812663 
0.473723 -0.684749 0.768006 -0.457117 -0.668697 0.7903 
0.780798 -0.734385 0.735137 0.163375 -0.723472 0.761103 
0.869714 -0.773271 0.692753 0.636044 -0.766296 0.723958 
0.899568 -0.802706 0.639508 0.815916 -0.799527 0.677115 
0.899591 -0.827036 0.574321 0.876442 -0.825266 0.61844 
0.896177 -0.845861 0.494808 0.896981 -0.845253 0.545878 
0.892274 -0.860713 0.400461 0.893036 -0.860861 0.457887 
0.887625 -0.872624 0.291662 0.888403 -0.873141 0.354023 
0.882002 -0.882081 0.170545 0.882922 -0.882888 0.235523 
0.875333 -0.889719 0.0409272 0.876391 -0.890696 0.105657 
0.867468 -0.89593 -0.0917571 0.86862 -0.89701 -0.0304032 
0.857617 -0.901016 -0.221328 0.859247 -0.902162 -0.166277 
0.846174 -0.905364 -0.342643 0.847864 -0.906404 -0.295504 
0.832176 -0.865059 -0.451198 0.833948 -0.90641 -0.412725 
0.815263 -0.714543 -0.544767 0.816839 -0.874619 -0.514521 
0.79444 -0.208611 -0.622128 0.795711 -0.776307 -0.599645 
0.767384 0.473723 -0.684749 0.769555 -0.457117 -0.668697 
0.73315 0.780798 -0.734385 0.736905 0.163375 -0.723472 
0.689287 0.869714 -0.773271 0.694633 0.636044 -0.766296 
0.637329 0.899568 -0.802706 0.641827 0.815916 -0.799527 
0.571277 0.899591 -0.827036 0.576515 0.876442 -0.825266 
0.49194 0.896177 -0.845861 0.497025 0.896981 -0.845253 
0.398045 0.892274 -0.860713 0.402453 0.893036 -0.860861 
0.28969 0.887625 -0.872624 0.293208 0.888403 -0.873141 
0.169263 0.882002 -0.882081 0.171435 0.882922 -0.882888 
0.0406172 0.875333 -0.889719 0.0411242 0.876391 -0.890696 
-0.0911073 0.867468 -0.89593 -0.0922665 0.86862 -0.89701 
-0.220303 0.857617 -0.901016 -0.22264 0.859247 -0.902162 
-0.341041 0.846174 -0.905364 -0.344327 0.847864 -0.906404 
-0.449301 0.832176 -0.865059 -0.453038 0.833948 -0.90641 
-0.542287 0.815263 -0.714543 -0.546395 0.816839 -0.874619 
-0.619913 0.79444 -0.208611 -0.623927 0.795711 -0.776307 
-0.682779 0.767384 0.473723 -0.686644 0.769555 -0.457117 
-0.733559 0.73315 0.780798 -0.736428 0.736905 0.163375 
-0.772041 0.689287 0.869714 -0.775485 0.694633 0.636044 
-0.799725 0.637329 0.899568 -0.805957 0.641827 0.815916 
-0.822276 0.571277 0.899591 -0.829716 0.576515 0.876442 
-0.841768 0.49194 0.896177 -0.848299 0.497025 0.896981 
-0.857421 0.398045 0.892274 -0.862918 0.402453 0.893036 
-0.869858 0.28969 0.887625 -0.874504 0.293208 0.888403 
-0.879716 0.169263 0.882002 -0.883764 0.171435 0.882922 
-0.88765 0.0406172 0.875333 -0.89123 0.0411242 0.876391 
-0.894262 -0.0911073 0.867468 -0.897303 -0.0922665 0.86862 
-0.899846 -0.220303 0.857617 -0.902286 -0.22264 0.859247 
-0.904627 -0.341041 0.846174 -0.90641 -0.344327 0.847864 
-0.871144 -0.449301 0.832176 -0.866656 -0.453038 0.833948 
-0.769605 -0.542287 0.815263 -0.717887 -0.546395 0.816839 
-0.449109 -0.619913 0.79444 -0.210649 -0.623927 0.795711 
0.16003 -0.682779 0.767384 0.477236 -0.686644 0.769555 
0.627594 -0.733559 0.73315 0.783147 -0.736428 0.736905 
0.810973 -0.772041 0.689287 0.87102 -0.775485 0.694633 
0.873533 -0.799725 0.637329 0.90036 -0.805957 0.641827 
0.894827 -0.822276 0.571277 0.900354 -0.829716 0.576515 
0.890727 -0.841768 0.49194 0.896974 -0.848299 0.497025 
0.885572 -0.857421 0.398045 0.89303 -0.862918 0.402453 
0.879521 -0.869858 0.28969 0.888396 -0.874504 0.293208 
0.872959 -0.879716 0.169263 0.882914 -0.883764 0.171435 
0.864594 -0.88765 0.0406172 0.876451 -0.89123 0.0411242 
0.854214 -0.894262 -0.0911073 0.868723 -0.897303 -0.0922665 
0.84031 -0.899846 -0.220303 0.859424 -0.902286 -0.22264 
0.825103 -0.904627 -0.341041 0.848166 -0.90641 -0.344327 
0.805466 -0.871144 -0.449301 0.834464 -0.866656 -0.453038 
0.783342 -0.769605 -0.542287 0.817719 -0.717887 -0.546395 
0.756139 -0.449109 -0.619913 0.797213 -0.210649 -0.623927 
0.720288 0.16003 -0.682779 0.770585 0.477236 -0.686644 
0.677488 0.627594 -0.733559 0.736905 0.783147 -0.736428 
0.620313 0.810973 -0.772041 0.694633 0.87102 -0.775485 
0.551971 0.873533 -0.799725 0.641827 0.90036 -0.805957 
0.47272 0.894827 -0.822276 0.576515 0.900354 -0.829716 
0.37917 0.890727 -0.841768 0.497025 0.896974 -0.848299 
0.274827 0.885572 -0.857421 0.402453 0.89303 -0.862918 
0.159659 0.879521 -0.869858 0.293208 0.888396 -0.874504 
0.0383513 0.872959 -0.879716 0.171435 0.882914 -0.883764 
-0.086175 0.864594 -0.88765 0.0411242 0.876451 -0.89123 
-0.204744 0.854214 -0.894262 -0.0922665 0.868723 -0.897303 
-0.321053 0.84031 -0.899846 -0.22264 0.859424 -0.902286 
-0.422054 0.825103 -0.904627 -0.344327 0.848166 -0.90641 
-0.51424 0.805466 -0.871144 -0.453038 0.834464 -0.866656 
-0.590581 0.783342 -0.769605 -0.546395 0.817719 -0.717887 
-0.655835 0.756139 -0.449109 -0.623927 0.797213 -0.210649 
-0.70169 0.720288 0.16003 -0.686644 0.770585 0.477236 
-0.729934 0.677488 0.627594 -0.736428 0.736905 0.783147 
-0.760534 0.620313 0.810973 -0.775485 0.694633 0.87102 
-0.793265 0.551971 0.873533 -0.805957 0.641827 0.90036 
-0.808226 0.47272 0.894827 -0.829716 0.576515 0.900354 
-0.820967 0.37917 0.890727 -0.848299 0.497025 0.896974 
-0.840346 0.274827 0.885572 -0.862918 0.402453 0.89303 
-0.854345 0.159659 0.879521 -0.874504 0.293208 0.888396 
-0.864822 0.0383513 0.872959 -0.883764 0.171435 0.882914 
-0.873084 -0.086175 0.864594 -0.89123 0.0411242 0.876451 
-0.879279 -0.204744 0.854214 -0.897303 -0.0922665 0.868723 
-0.884814 -0.321053 0.84031 -0.902286 -0.22264 0.859424 
-0.829096 -0.422054 0.825103 -0.90641 -0.344327 0.848166 
-0.646572 -0.51424 0.805466 -0.874619 -0.453038 0.834464 
-0.173162 -0.590581 0.783342 -0.776307 -0.546395 0.817719 
0.405682 -0.655835 0.756139 -0.457117 -0.623927 0.797213 
0.724954 -0.70169 0.720288 0.163375 -0.686644 0.770585 
0.840456 -0.729934 0.677488 0.636044 -0.736428 0.736905 
0.882073 -0.760534 0.620313 0.815916 -0.775485 0.694633 
0.883809 -0.793265 0.551971 0.876442 -0.805957 0.641827 
0.88057 -0.808226 0.47272 0.896981 -0.829716 0.576515 
0.877736 -0.820967 0.37917 0.893036 -0.848299 0.497025 
0.875456 -0.840346 0.274827 0.888403 -0.862918 0.402453 
0.872106 -0.854345 0.159659 0.882922 -0.874504 0.293208 
0.865209 -0.864822 0.0383513 0.876442 -0.883764 0.171435 
0.85658 -0.873084 -0.086175 0.868697 -0.89123 0.0411242 
0.84582 -0.879279 -0.204744 0.859364 -0.897303 -0.0922665 
0.833173 -0.884814 -0.321053 0.848042 -0.902286 -0.22264 
0.817959 -0.829096 -0.422054 0.834222 -0.90641 -0.344327 
0.799185 -0.646572 -0.51424 0.817263 -0.874619 -0.453038 
0.776162 -0.173162 -0.590581 0.796371 -0.776307 -0.546395 
0.749339 0.405682 -0.655835 0.770585 -0.457117 -0.623927 
0.720788 0.724954 -0.70169 0.736898 0.163375 -0.686644 
0.673866 0.840456 -0.729934 0.694616 0.636044 -0.736428 
0.616686 0.882073 -0.760534 0.641798 0.815916 -0.775485 
0.550194 0.883809 -0.793265 0.576472 0.876442 -0.805957 
0.47058 0.88057 -0.808226 0.496964 0.896981 -0.829716 
0.377732 0.877736 -0.820967 0.402373 0.893036 -0.848299 
0.273116 0.875456 -0.840346 0.293108 0.888403 -0.862918 
0.160535 0.872106 -0.854345 0.171318 0.882922 -0.874504 
0.0387456 0.865209 -0.864822 0.0409941 0.876442 -0.883764 
-0.0899609 0.85658 -0.873084 -0.0924028 0.868697 -0.89123 
-0.217893 0.84582 -0.879279 -0.222775 0.859364 -0.897303 
-0.33538 0.833173 -0.884814 -0.344454 0.848042 -0.902286 
-0.440372 0.817959 -0.829096 -0.453152 0.834222 -0.90641 
-0.531438 0.799185 -0.646572 -0.546493 0.817263 -0.874619 
-0.611044 0.776162 -0.173162 -0.624009 0.796371 -0.776307 
-0.672666 0.749339 0.405682 -0.68671 0.770585 -0.457117 
-0.720158 0.720788 0.724954 -0.736481 0.736898 0.163375 
-0.761474 0.673866 0.840456 -0.775527 0.694616 0.636044 
-0.791612 0.616686 0.882073 -0.80599 0.641798 0.815916 
-0.817926 0.550194 0.883809 -0.829742 0.576472 0.876442 
-0.837451 0.47058 0.88057 -0.84832 0.496964 0.896981 
-0.853505 0.377732 0.877736 -0.862934 0.402373 0.893036 
-0.866054 0.273116 0.875456 -0.874517 0.293108 0.888403 
-0.875031 0.160535 0.872106 -0.883774 0.171318 0.882922 
-0.883754 0.0387456 0.865209 -0.891238 0.0409941 0.876442 
-0.891374 -0.0899609 0.85658 -0.89731 -0.0924028 0.868697 
-0.897728 -0.217893 0.84582 -0.902292 -0.222775 0.859364 
-0.868532 -0.33538 0.833173 -0.906415 -0.344454 0.848042 
-0.765371 -0.440372 0.817959 -0.86667 -0.453152 0.834222 
-0.443374 -0.531438 0.799185 -0.71794 -0.546493 0.817263 
0.157388 -0.611044 0.776162 -0.210788 -0.624009 0.796371 
0.622064 -0.672666 0.749339 0.477133 -0.68671 0.770585 
0.807353 -0.720158 0.720788 0.783113 -0.736481 0.736898 
0.871357 -0.761474 0.673866 0.871008 -0.775527 0.694616 
0.896761 -0.791612 0.616686 0.900355 -0.80599 0.641798 
0.89302 -0.817926 0.550194 0.900349 -0.829742 0.576472 
0.888581 -0.837451 0.47058 0.896969 -0.84832 0.496964 
0.88341 -0.853505 0.377732 0.893023 -0.862934 0.402373 
0.877241 -0.866054 0.273116 0.888389 -0.874517 0.293108 
0.869939 -0.875031 0.160535 0.882914 -0.883774 0.171318 
0.861224 -0.883754 0.0387456 0.876442 -0.891238 0.0409941 
0.850777 -0.891374 -0.0899609 0.868697 -0.89731 -0.0924028 
0.838592 -0.897728 -0.217893 0.859364 -0.902292 -0.222775 
0.822408 -0.868532 -0.33538 0.848042 -0.906415 -0.344454 
0.803155 -0.765371 -0.440372 0.834222 -0.86667 -0.453152 
0.779509 -0.443374 -0.531438 0.817263 -0.71794 -0.546493 
0.750061 0.157388 -0.611044 0.796371 -0.210788 -0.624009 
0.714252 0.622064 -0.672666 0.770359 0.477133 -0.68671 
0.669145 0.807353 -0.720158 0.73664 0.783113 -0.736481 
0.609173 0.871357 -0.761474 0.694323 0.871008 -0.775527 
0.537001 0.896761 -0.791612 0.641467 0.900355 -0.80599 
0.448917 0.89302 -0.817926 0.576102 0.900349 -0.829742 
0.345915 0.888581 -0.837451 0.496559 0.896969 -0.84832 
0.229118 0.88341 -0.853505 0.401941 0.893023 -0.862934 
0.101106 0.877241 -0.866054 0.292662 0.888389 -0.874517 
-0.0278127 0.869939 -0.875031 0.170874 0.882914 -0.883774 
-0.142841 0.861224 -0.883754 0.0405709 0.876442 -0.891238 
-0.230747 0.850777 -0.891374 -0.0927883 0.868697 -0.89731 
-0.275975 0.838592 -0.897728 -0.22311 0.859364 -0.902292 
-0.250506 0.822408 -0.868532 -0.344733 0.848042 -0.906415 
-0.175649 0.803155 -0.765371 -0.453374 0.834222 -0.86667 
-0.114585 0.779509 -0.443374 -0.546664 0.817263 -0.71794 
-0.11072 0.750061 0.157388 -0.624136 0.796371 -0.210788 
-0.00310479 0.714252 0.622064 -0.686803 0.770359 0.477133 
0.209725 0.669145 0.807353 -0.736547 0.73664 0.783113 
0.0509297 0.609173 0.871357 -0.775574 0.694323 0.871008 
-0.743103 0.537001 0.896761 -0.806023 0.641467 0.900355 
-0.852357 0.448917 0.89302 -0.829765 0.576102 0.900349 
-0.871921 0.345915 0.888581 -0.848337 0.496559 0.896969 
-0.8826 0.229118 0.88341 -0.862947 0.401941 0.893023 
-0.890556 0.101106 0.877241 -0.874526 0.292662 0.888389 
-0.896902 -0.0278127 0.869939 -0.883781 0.170874 0.882914 
-0.902053 -0.142841 0.861224 -0.891243 0.0405709 0.876442 
-0.906306 -0.230747 0.850777 -0.897313 -0.0927883 0.868697 
-0.90632 -0.275975 0.838592 -0.902295 -0.22311 0.859364 
-0.874466 -0.250506 0.822408 -0.874619 -0.344733 0.848042 
-0.775987 -0.175649 0.803155 -0.776307 -0.453374 0.834222 
-0.456581 -0.114585 0.779509 -0.457117 -0.546664 0.817263 
0.163199 -0.11072 0.750061 0.163375 -0.624136 0.796371 
0.635756 -0.00310479 0.714252 0.636044 -0.686803 0.770359 
0.815797 0.209725 0.669145 0.815916 -0.736547 0.73664 
0.876375 0.0509297 0.609173 0.876442 -0.775574 0.694323 
0.896933 -0.743103 0.537001 0.900354 -0.806023 0.641467 
0.892999 -0.852357 0.448917 0.896881 -0.829765 0.576102 
0.888352 -0.871921 0.345915 0.89281 -0.848337 0.496559 
0.882665 -0.8826 0.229118 0.888007 -0.862947 0.401941 
0.875657 -0.890556 0.101106 0.882297 -0.874526 0.292662 
0.867437 -0.896902 -0.0278127 0.875527 -0.883781 0.170874 
0.857084 -0.902053 -0.142841 0.867386 -0.891243 0.0405709 
0.844512 -0.906306 -0.230747 0.857528 -0.897313 -0.0927883 
0.827314 -0.90632 -0.275975 0.845514 -0.902295 -0.22311 
0.806357 -0.874466 -0.250506 0.830789 -0.874619 -0.344733 
0.782558 -0.775987 -0.175649 0.812663 -0.776307 -0.453374 
0.753013 -0.456581 -0.114585 0.7903 -0.457117 -0.546664 
0.721088 0.163199 -0.11072 0.761103 0.163375 -0.624136 
0.6803 0.635756 -0.00310479 0.723958 0.636044 -0.686803 
0.619735 0.815797 0.209725 0.677115 0.815916 -0.736547 
0.559475 0.876375 0.0509297 0.61844 0.876442 -0.775574 
0.492459 0.896933 -0.743103 0.545878 0.900354 -0.806023 
0.401412 0.892999 -0.852357 0.457887 0.896881 -0.829765 
0.293007 0.888352 -0.871921 0.354023 0.89281 -0.848337 
0.171369 0.882665 -0.8826 0.235523 0.888007 -0.862947 
0.0411116 0.875657 -0.890556 0.105657 0.882297 -0.874526 
-0.0922469 0.867437 -0.896902 -0.0304032 0.875527 -0.883781 
-0.222608 0.857084 -0.902053 -0.166277 0.867386 -0.891243 
-0.344287 0.844512 -0.906306 -0.295504 0.857528 -0.897313 
-0.453002 0.827314 -0.90632 -0.412725 0.845514 -0.902295 
-0.54639 0.806357 -0.874466 -0.514521 0.830789 -0.874619 
-0.623927 0.782558 -0.775987 -0.599645 0.812663 -0.776307 
-0.686644 0.753013 -0.456581 -0.668697 0.7903 -0.457117 
-0.736428 0.721088 0.163199 -0.723472 0.761103 0.163375 
-0.775485 0.6803 0.635756 -0.766296 0.723958 0.636044 
-0.805957 0.619735 0.815797 -0.799527 0.677115 0.815916 
-0.829716 0.559475 0.876375 -0.825266 0.61844 0.876442 
-0.848299 0.492459 0.896933 -0.845253 0.545878 0.900354 
-0.862918 0.401412 0.892999 -0.860861 0.457887 0.896881 
-0.874504 0.293007 0.888352 -0.873141 0.354023 0.89281 
-0.883764 0.171369 0.882665 -0.882888 0.235523 0.888007 
-0.89123 0.0411116 0.875657 -0.890696 0.105657 0.882297 
-0.897303 -0.0922469 0.867437 -0.89701 -0.0304032 0.875527 
-0.902286 -0.222608 0.857084 -0.902162 -0.166277 0.867386 
-0.90641 -0.344287 0.844512 -0.906404 -0.295504 0.857528 
-0.866656 -0.453002 0.827314 -0.90641 -0.412725 0.845514 
-0.717887 -0.54639 0.806357 -0.874619 -0.514521 0.830789 
-0.210649 -0.623927 0.782558 -0.776307 -0.599645 0.812663 
0.477236 -0.686644 0.753013 -0.457117 -0.668697 0.7903 
0.783147 -0.736428 0.721088 0.163375 -0.723472 0.761103 
0.871018 -0.775485 0.6803 0.636044 -0.766296 0.723958 
0.900359 -0.805957 0.619735 0.815916 -0.799527 0.677115 
0.900349 -0.829716 0.559475 0.876442 -0.825266 0.61844 
0.896973 -0.848299 0.492459 0.896981 -0.845253 0.545878 
0.893023 -0.862918 0.401412 0.893036 -0.860861 0.457887 
0.888384 -0.874504 0.293007 0.888403 -0.873141 0.354023 
0.882907 -0.883764 0.171369 0.882922 -0.882888 0.235523 
0.876451 -0.89123 0.0411116 0.876391 -0.890696 0.105657 
0.868723 -0.897303 -0.0922469 0.86862 -0.89701 -0.0304032 
0.859424 -0.902286 -0.222608 0.859247 -0.902162 -0.166277 
0.848166 -0.90641 -0.344287 0.847864 -0.906404 -0.295504 
0.834464 -0.866656 -0.453002 0.833948 -0.90641 -0.412725 
0.817719 -0.717887 -0.54639 0.816839 -0.874619 -0.514521 
0.797213 -0.210649 -0.623927 0.795711 -0.776307 -0.599645 
0.770585 0.477236 -0.686644 0.769555 -0.457117 -0.668697 
0.736905 0.783147 -0.736428 0.736905 0.163375 -0.723472 
0.694633 0.871018 -0.775485 0.694633 0.636044 -0.766296 
0.641715 0.900359 -0.805957 0.641827 0.815916 -0.799527 
0.575025 0.900349 -0.829716 0.576515 0.876442 -0.825266 
0.492177 0.896973 -0.848299 0.497025 0.896981 -0.845253 
0.400798 0.893023 -0.862918 0.402453 0.893036 -0.860861 
0.292829 0.888384 -0.874504 0.293208 0.888403 -0.873141 
0.171339 0.882907 -0.883764 0.171435 0.882922 -0.882888 
0.0411112 0.876451 -0.89123 0.0411242 0.876391 -0.890696 
-0.0922487 0.868723 -0.897303 -0.0922665 0.86862 -0.89701 
-0.222614 0.859424 -0.902286 -0.22264 0.859247 -0.902162 
-0.344302 0.848166 -0.90641 -0.344327 0.847864 -0.906404 
-0.45302 0.834464 -0.866656 -0.453038 0.833948 -0.90641 
-0.54638 0.817719 -0.717887 -0.546395 0.816839 -0.874619 
-0.623917 0.797213 -0.210649 -0.623922 0.795711 -0.776307 
-0.686634 0.770585 0.477236 -0.686644 0.769555 -0.457117 
-0.736425 0.736905 0.783147 -0.736428 0.736905 0.163375 
-0.775485 0.694633 0.871018 -0.775485 0.694633 0.636044 
-0.805957 0.641715 0.900359 -0.805957 0.641827 0.815916 
-0.829716 0.575025 0.900349 -0.829716 0.576515 0.876442 
-0.848299 0.492177 0.896973 -0.848299 0.497025 0.896981 
-0.862918 0.400798 0.893023 -0.862918 0.402453 0.893036 
-0.874504 0.292829 0.888384 -0.8745 0.293208 0.888403 
-0.883764 0.171339 0.882907 -0.883762 0.171435 0.882922 
-0.89123 0.0411112 0.876451 -0.891228 0.0411242 0.876391 
-0.897303 -0.0922487 0.868723 -0.897298 -0.0922665 0.86862 
-0.902286 -0.222614 0.859424 -0.902283 -0.22264 0.859247 
-0.90641 -0.344302 0.848166 -0.906407 -0.344327 0.847864 
-0.874619 -0.45302 0.834464 -0.866652 -0.453038 0.833948 
-0.776307 -0.54638 0.817719 -0.717879 -0.546395 0.816839 
-0.457117 -0.623917 0.797213 -0.210644 -0.623922 0.795711 
0.163375 -0.686634 0.770585 0.477219 -0.686644 0.769555 
0.636044 -0.736425 0.736905 0.783136 -0.736428 0.736905 
0.815916 -0.775485 0.694633 0.87102 -0.775485 0.694633 
0.876442 -0.805957 0.641715 0.90036 -0.805957 0.641827 
0.896981 -0.829716 0.575025 0.900354 -0.829716 0.576515 
0.893036 -0.848299 0.492177 0.896974 -0.848299 0.497025 
0.888403 -0.862918 0.400798 0.89303 -0.862918 0.402453 
0.882922 -0.874504 0.292829 0.888396 -0.8745 0.293208 
0.876442 -0.883764 0.171339 0.882914 -0.883762 0.171435 
0.868697 -0.89123 0.0411112 0.876447 -0.891228 0.0411242 
0.859364 -0.897303 -0.0922487 0.868718 -0.897298 -0.0922665 
0.848042 -0.902286 -0.222614 0.85941 -0.902283 -0.22264 
0.834222 -0.90641 -0.344302 0.848141 -0.906407 -0.344327 
0.817263 -0.874619 -0.45302 0.834438 -0.866652 -0.453038 
0.796371 -0.776307 -0.54638 0.817701 -0.717879 -0.546395 
0.770585 -0.457117 -0.623917 0.797211 -0.210644 -0.623922 
0.736898 0.163375 -0.686634 0.77058 0.477219 -0.686644 
0.694616 0.636044 -0.736425 0.736855 0.783136 -0.736428 
0.641798 0.815916 -0.775485 0.694601 0.87102 -0.775485 
0.576472 0.876442 -0.805957 0.641827 0.90036 -0.805957 
0.496964 0.896981 -0.829716 0.576515 0.900354 -0.829716 
0.402373 0.893036 -0.848299 0.497025 0.896974 -0.848299 
0.293108 0.888403 -0.862918 0.402453 0.89303 -0.862918 
0.171318 0.882922 -0.874504 0.293208 0.888396 -0.8745 
0.0409941 0.876442 -0.883764 0.171435 0.882914 -0.883762 
-0.0924028 0.868697 -0.89123 0.0411242 0.876447 -0.891228 
-0.222775 0.859364 -0.897303 -0.0922665 0.868718 -0.897298 
-0.344454 0.848042 -0.902286 -0.22264 0.85941 -0.902283 
-0.453152 0.834222 -0.90641 -0.344327 0.848141 -0.906407 
-0.546493 0.817263 -0.874619 -0.453038 0.834438 -0.866652 
-0.624009 0.796371 -0.776307 -0.546395 0.817701 -0.717879 
-0.686709 0.770585 -0.457117 -0.623927 0.797211 -0.210644 
-0.736481 0.736898 0.163375 -0.686644 0.77058 0.477219 
-0.775523 0.694616 0.636044 -0.736428 0.736855 0.783136 
-0.805951 0.641798 0.815916 -0.775381 0.694601 0.87102 
-0.829664 0.576472 0.876442 -0.805335 0.641827 0.90036 
-0.848277 0.496964 0.896981 -0.829309 0.576515 0.900354 
-0.86283 0.402373 0.893036 -0.848201 0.497025 0.896974 
-0.874442 0.293108 0.888403 -0.862885 0.402453 0.89303 
-0.883767 0.171318 0.882922 -0.874495 0.293208 0.888396 
-0.891215 0.0409941 0.876442 -0.883755 0.171435 0.882914 
-0.89728 -0.0924028 0.868697 -0.891205 0.0411242 0.876447 
-0.902259 -0.222775 0.859364 -0.897275 -0.0922665 0.868718 
-0.906383 -0.344454 0.848042 -0.902262 -0.22264 0.85941 
-0.866612 -0.453152 0.834222 -0.906391 -0.344327 0.848141 
-0.717829 -0.546493 0.817263 -0.874591 -0.453038 0.834438 
-0.210712 -0.624009 0.796371 -0.776232 -0.546395 0.817701 
0.477011 -0.686709 0.770585 -0.457031 -0.623927 0.797211 
0.783001 -0.736481 0.736898 0.163339 -0.686644 0.77058 
0.870956 -0.775523 0.694616 0.635937 -0.736428 0.736855 
0.900312 -0.805951 0.641798 0.815832 -0.775381 0.694601 
0.900305 -0.829664 0.576472 0.876393 -0.805335 0.641827 
0.896929 -0.848277 0.496964 0.896939 -0.829309 0.576515 
0.892962 -0.86283 0.402373 0.893 -0.848201 0.497025 
0.888266 -0.874442 0.293108 0.888344 -0.862885 0.402453 
0.88273 -0.883767 0.171318 0.882881 -0.874495 0.293208 
0.876216 -0.891215 0.0409941 0.876381 -0.883755 0.171435 
0.868428 -0.89728 -0.0924028 0.868583 -0.891205 0.0411242 
0.858999 -0.902259 -0.222775 0.8592 -0.897275 -0.0922665 
0.847572 -0.906383 -0.344454 0.847746 -0.902262 -0.22264 
0.83333 -0.866612 -0.453152 0.833705 -0.906391 -0.344327 
0.815375 -0.717829 -0.546493 0.81642 -0.874591 -0.453038 
0.794254 -0.210712 -0.624009 0.79515 -0.776232 -0.546395 
0.768661 0.477011 -0.686709 0.76873 -0.457031 -0.623927 
0.735126 0.783001 -0.736481 0.734909 0.163339 -0.686644 
0.691348 0.870956 -0.775523 0.69216 0.635937 -0.736428 
0.637418 0.900312 -0.805951 0.634612 0.815832 -0.775381 
0.567194 0.900305 -0.829664 0.566495 0.876393 -0.805335 
0.491822 0.896929 -0.848277 0.49113 0.896939 -0.829309 
0.401107 0.892962 -0.86283 0.400997 0.893 -0.848201 
0.292515 0.888266 -0.874442 0.292851 0.888344 -0.862885 
0.170841 0.88273 -0.883767 0.171269 0.882881 -0.874495 
0.0405656 0.876216 -0.891215 0.0409908 0.876381 -0.883755 
-0.0927792 0.868428 -0.89728 -0.0923997 0.868583 -0.891205 
-0.223095 0.858999 -0.902259 -0.222771 0.8592 -0.897275 
-0.344716 0.847572 -0.906383 -0.34445 0.847746 -0.902262 
-0.453358 0.83333 -0.866612 -0.453151 0.833705 -0.906391 
-0.546652 0.815375 -0.717829 -0.546492 0.81642 -0.874591 
-0.624127 0.794254 -0.210712 -0.624009 0.79515 -0.776232 
-0.686795 0.768661 0.477011 -0.68671 0.76873 -0.457031 
-0.736547 0.735126 0.783001 -0.73648 0.734909 0.163339 
-0.775574 0.691348 0.870956 -0.775527 0.69216 0.635937 
-0.806023 0.637418 0.900312 -0.80599 0.634612 0.815832 
-0.829765 0.567194 0.900305 -0.829742 0.566495 0.876393 
-0.848337 0.491822 0.896929 -0.84832 0.49113 0.896939 
-0.862947 0.401107 0.892962 -0.862934 0.400997 0.893 
-0.874521 0.292515 0.888266 -0.874517 0.292851 0.888344 
-0.883746 0.170841 0.88273 -0.883774 0.171269 0.882881 
-0.891243 0.0405656 0.876216 -0.891238 0.0409908 0.876381 
-0.897313 -0.0927792 0.868428 -0.89731 -0.0923997 0.868583 
-0.902295 -0.223095 0.858999 -0.902292 -0.222771 0.8592 
-0.874619 -0.344716 0.847572 -0.906415 -0.34445 0.847746 
-0.776307 -0.453358 0.83333 -0.86667 -0.453151 0.833705 
-0.457117 -0.546652 0.815375 -0.71794 -0.546492 0.81642 
0.163375 -0.624127 0.794254 -0.210788 -0.624009 0.79515 
0.636044 -0.686795 0.768661 0.477133 -0.68671 0.76873 
0.815916 -0.736547 0.735126 0.783113 -0.73648 0.734909 
0.876442 -0.775574 0.691348 0.871008 -0.775527 0.69216 
0.900354 -0.806023 0.637418 0.900355 -0.80599 0.634612 
0.896881 -0.829765 0.567194 0.900349 -0.829742 0.566495 
0.89281 -0.848337 0.491822 0.896969 -0.84832 0.49113 
0.888007 -0.862947 0.401107 0.893023 -0.862934 0.400997 
0.882297 -0.874521 0.292515 0.888389 -0.874517 0.292851 
0.875527 -0.883746 0.170841 0.882914 -0.883774 0.171269 
0.867386 -0.891243 0.0405656 0.876442 -0.891238 0.0409908 
0.857528 -0.897313 -0.0927792 0.868697 -0.89731 -0.0923997 
0.845514 -0.902295 -0.223095 0.859364 -0.902292 -0.222771 
0.830789 -0.874619 -0.344716 0.848042 -0.906415 -0.34445 
0.812663 -0.776307 -0.453358 0.834222 -0.86667 -0.453151 
0.7903 -0.457117 -0.546652 0.817263 -0.71794 -0.546492 
0.761103 0.163375 -0.624127 0.796371 -0.210788 -0.624009 
0.723958 0.636044 -0.686795 0.770359 0.477133 -0.68671 
0.677115 0.815916 -0.736547 0.73664 0.783113 -0.73648 
0.61844 0.876442 -0.775574 0.694323 0.871008 -0.775527 
0.545878 0.900354 -0.806023 0.641467 0.900355 -0.80599 
0.457887 0.896881 -0.829765 0.576102 0.900349 -0.829742 
0.354023 0.89281 -0.848337 0.496559 0.896969 -0.84832 
0.235523 0.888007 -0.862947 0.401941 0.893023 -0.862934 
0.105657 0.882297 -0.874521 0.292662 0.888389 -0.874517 
-0.0304032 0.875527 -0.883746 0.170874 0.882914 -0.883774 
-0.166277 0.867386 -0.891243 0.0405709 0.876442 -0.891238 
-0.295504 0.857528 -0.897313 -0.0927883 0.868697 -0.89731 
-0.412725 0.845514 -0.902295 -0.22311 0.859364 -0.902292 
-0.514521 0.830789 -0.874619 -0.344733 0.848042 -0.906415 
-0.599645 0.812663 -0.776307 -0.453374 0.834222 -0.86667 
-0.668697 0.7903 -0.457117 -0.546664 0.817263 -0.71794 
-0.723472 0.761103 0.163375 -0.624136 0.796371 -0.210788 
-0.766296 0.723958 0.636044 -0.686803 0.770359 0.477133 
-0.799527 0.677115 0.815916 -0.736542 0.73664 0.783113 
-0.825266 0.61844 0.876442 -0.775435 0.694323 0.871008 
-0.845253 0.545878 0.900354 -0.805186 0.641467 0.900355 
-0.860861 0.457887 0.896881 -0.829312 0.576102 0.900349 
-0.873141 0.354023 0.89281 -0.848191 0.496559 0.896969 
-0.882885 0.235523 0.888007 -0.862788 0.401941 0.893023 
-0.890696 0.105657 0.882297 -0.874526 0.292662 0.888389 
-0.89701 -0.0304032 0.875527 -0.883781 0.170874 0.882914 
-0.902162 -0.166277 0.867386 -0.891237 0.0405709 0.876442 
-0.906403 -0.295504 0.857528 -0.897306 -0.0927883 0.868697 
-0.906409 -0.412725 0.845514 -0.902289 -0.22311 0.859364 
-0.874619 -0.514521 0.830789 -0.874615 -0.344733 0.848042 
-0.776305 -0.599645 0.812663 -0.776296 -0.453374 0.834222 
-0.457117 -0.668697 0.7903 -0.457111 -0.546664 0.817263 
0.163375 -0.723472 0.761103 0.163367 -0.624136 0.796371 
0.636044 -0.766296 0.723958 0.636027 -0.686803 0.770359 
0.815916 -0.799527 0.677115 0.815884 -0.736542 0.73664 
0.876442 -0.825266 0.61844 0.876426 -0.775435 0.694323 
0.896981 -0.845253 0.545878 0.900342 -0.805186 0.641467 
0.893036 -0.860861 0.457887 0.896858 -0.829312 0.576102 
0.888403 -0.873141 0.354023 0.892774 -0.848191 0.496559 
0.882922 -0.882885 0.235523 0.887966 -0.862788 0.401941 
0.876391 -0.890696 0.105657 0.882257 -0.874526 0.292662 
0.868618 -0.89701 -0.0304032 0.87549 -0.883781 0.170874 
0.85922 -0.902162 -0.166277 0.867355 -0.891237 0.0405709 
0.847841 -0.906403 -0.295504 0.857497 -0.897306 -0.0927883 
0.833931 -0.906409 -0.412725 0.845488 -0.902289 -0.22311 
0.816839 -0.874619 -0.514521 0.830768 -0.874615 -0.344733 
0.795711 -0.776305 -0.599645 0.812638 -0.776296 -0.453374 
0.769555 -0.457117 -0.668697 0.790276 -0.457111 -0.546664 
0.736905 0.163375 -0.723472 0.761066 0.163367 -0.624136 
0.694633 0.636044 -0.766296 0.723865 0.636027 -0.686803 
0.641827 0.815916 -0.799527 0.676527 0.815884 -0.736542 
0.576515 0.876442 -0.825266 0.617391 0.876426 -0.775435 
0.497025 0.896981 -0.845253 0.545326 0.900342 -0.805186 
0.402453 0.893036 -0.860861 0.457776 0.896858 -0.829312 
0.293208 0.888403 -0.873141 0.353974 0.892774 -0.848191 
0.171435 0.882922 -0.882885 0.235493 0.887966 -0.862788 
0.0411242 0.876391 -0.890696 0.105648 0.882257 -0.874526 
-0.0922665 0.868618 -0.89701 -0.030401 0.87549 -0.883781 
-0.22264 0.85922 -0.902162 -0.166266 0.867355 -0.891237 
-0.344324 0.847841 -0.906403 -0.295492 0.857497 -0.897306 
-0.453034 0.833931 -0.906409 -0.412716 0.845488 -0.902289 
-0.546391 0.816839 -0.874619 -0.514514 0.830768 -0.874615 
-0.623922 0.795711 -0.776305 -0.599643 0.812638 -0.776296 
-0.68664 0.769555 -0.457117 -0.668697 0.790276 -0.457111 
-0.736426 0.736905 0.163375 -0.723468 0.761066 0.163367 
-0.775484 0.694633 0.636044 -0.766284 0.723865 0.636027 
-0.805956 0.641827 0.815916 -0.799479 0.676527 0.815884 
-0.829716 0.576515 0.876442 -0.825158 0.617391 0.876426 
-0.848299 0.497025 0.896981 -0.845203 0.545326 0.900342 
-0.862918 0.402453 0.893036 -0.860837 0.457776 0.896858 
-0.874504 0.293208 0.888403 -0.873105 0.353974 0.892774 
-0.883764 0.171435 0.882922 -0.882888 0.235493 0.887966 
-0.89123 0.0411242 0.876391 -0.89069 0.105648 0.882257 
-0.897303 -0.0922665 0.868618 -0.897005 -0.030401 0.87549 
-0.902286 -0.22264 0.85922 -0.90216 -0.166266 0.867355 
-0.90641 -0.344324 0.847841 -0.906404 -0.295492 0.857497 
-0.866656 -0.453034 0.833931 -0.90641 -0.412716 0.845488 
-0.717887 -0.546391 0.816839 -0.874618 -0.514514 0.830768 
-0.210649 -0.623922 0.795711 -0.776307 -0.599643 0.812638 
0.477236 -0.68664 0.769555 -0.457115 -0.668697 0.790276 
0.783147 -0.736426 0.736905 0.163367 -0.723468 0.761066 
0.87102 -0.775484 0.694633 0.636031 -0.766284 0.723865 
0.90036 -0.805956 0.641827 0.815896 -0.799479 0.676527 
0.900354 -0.829716 0.576515 0.876436 -0.825158 0.617391 
0.89697 -0.848299 0.497025 0.896977 -0.845203 0.545326 
0.892999 -0.862918 0.402453 0.893033 -0.860837 0.457776 
0.888363 -0.874504 0.293208 0.888403 -0.873105 0.353974 
0.882882 -0.883764 0.171435 0.88292 -0.882888 0.235493 
0.876444 -0.89123 0.0411242 0.876387 -0.89069 0.105648 
0.868684 -0.897303 -0.0922665 0.86862 -0.897005 -0.030401 
0.859367 -0.902286 -0.22264 0.859247 -0.90216 -0.166266 
0.848098 -0.90641 -0.344324 0.847864 -0.906404 -0.295492 
0.834386 -0.866656 -0.453034 0.833948 -0.90641 -0.412716 
0.817655 -0.717887 -0.546391 0.816828 -0.874618 -0.514514 
0.797091 -0.210649 -0.623922 0.795418 -0.776307 -0.599643 
0.770337 0.477236 -0.68664 0.769002 -0.457115 -0.668697 
0.736811 0.783147 -0.736426 0.736302 0.163367 -0.723468 
0.694513 0.87102 -0.775484 0.693885 0.636031 -0.766284 
0.641258 0.90036 -0.805956 0.640492 0.815896 -0.799479 
0.575597 0.900354 -0.829716 0.566585 0.876436 -0.825158 
0.49657 0.89697 -0.848299 0.486641 0.896977 -0.845203 
0.402325 0.892999 -0.862918 0.399003 0.893033 -0.860837 
0.293161 0.888363 -0.874504 0.292705 0.888403 -0.873105 
0.171415 0.882882 -0.883764 0.171369 0.88292 -0.882888 
0.0411208 0.876444 -0.89123 0.0411232 0.876387 -0.89069 
-0.0922608 0.868684 -0.897303 -0.0922664 0.86862 -0.897005 
-0.222632 0.859367 -0.902286 -0.22264 0.859247 -0.90216 
-0.344319 0.848098 -0.90641 -0.344327 0.847864 -0.906404 
-0.45303 0.834386 -0.866656 -0.453038 0.833948 -0.90641 
-0.546389 0.817655 -0.717887 -0.546395 0.816828 -0.874618 
-0.623922 0.797091 -0.210649 -0.623927 0.795418 -0.776307 
-0.686638 0.770337 0.477236 -0.686644 0.769002 -0.457115 
-0.736428 0.736811 0.783147 -0.736428 0.736302 0.163367 
-0.775485 0.694513 0.87102 -0.775485 0.693885 0.636031 
-0.805957 0.641258 0.90036 -0.805957 0.640492 0.815896 
-0.829716 0.575597 0.900354 -0.829715 0.566585 0.876436 
-0.848299 0.49657 0.89697 -0.848296 0.486641 0.896977 
-0.862918 0.402325 0.892999 -0.862911 0.399003 0.893033 
-0.874486 0.293161 0.888363 -0.874495 0.292705 0.888403 
-0.883733 0.171415 0.882882 -0.883763 0.171369 0.88292 
-0.891228 0.0411208 0.876444 -0.891226 0.0411232 0.876387 
-0.897303 -0.0922608 0.868684 -0.8973 -0.0922664 0.86862 
-0.902286 -0.222632 0.859367 -0.902284 -0.22264 0.859247 
-0.90641 -0.344319 0.848098 -0.906409 -0.344327 0.847864 
-0.874619 -0.45303 0.834386 -0.866653 -0.453038 0.833948 
-0.776307 -0.546389 0.817655 -0.717883 -0.546395 0.816828 
-0.457117 -0.623922 0.797091 -0.210645 -0.623927 0.795418 
0.163375 -0.686638 0.770337 0.477225 -0.686644 0.769002 
0.636044 -0.736428 0.736811 0.78314 -0.736428 0.736302 
0.815916 -0.775485 0.694513 0.871018 -0.775485 0.693885 
0.876442 -0.805957 0.641258 0.900359 -0.805957 0.640492 
0.896981 -0.829716 0.575597 0.900353 -0.829715 0.566585 
0.893036 -0.848299 0.49657 0.896974 -0.848296 0.486641 
0.888403 -0.862918 0.402325 0.89303 -0.862911 0.399003 
0.882922 -0.874486 0.293161 0.888396 -0.874495 0.292705 
0.876442 -0.883733 0.171415 0.882914 -0.883763 0.171369 
0.868697 -0.891228 0.0411208 0.876451 -0.891226 0.0411232 
0.859364 -0.897303 -0.0922608 0.868723 -0.8973 -0.0922664 
0.848042 -0.902286 -0.222632 0.859424 -0.902284 -0.22264 
0.834222 -0.90641 -0.344319 0.848166 -0.906409 -0.344327 
0.817263 -0.874619 -0.45303 0.834464 -0.866653 -0.453038 
0.796371 -0.776307 -0.546389 0.817719 -0.717883 -0.546395 
0.770585 -0.457117 -0.623922 0.797213 -0.210645 -0.623927 
0.736898 0.163375 -0.686638 0.770585 0.477225 -0.686644 
0.694616 0.636044 -0.736428 0.736905 0.78314 -0.736428 
0.641798 0.815916 -0.775485 0.694633 0.871018 -0.775485 
0.576472 0.876442 -0.805957 0.641827 0.900359 -0.805957 
0.496964 0.896981 -0.829716 0.576515 0.900353 -0.829715 
0.402373 0.893036 -0.848299 0.497025 0.896974 -0.848296 
0.293108 0.888403 -0.862918 0.402453 0.89303 -0.862911 
0.171318 0.882922 -0.874486 0.293208 0.888396 -0.874495 
0.0409941 0.876442 -0.883733 0.171435 0.882914 -0.883763 
-0.0924028 0.868697 -0.891228 0.0411242 0.876451 -0.891226 
-0.222775 0.859364 -0.897303 -0.0922665 0.868723 -0.8973 
-0.344454 0.848042 -0.902286 -0.22264 0.859424 -0.902284 
-0.453152 0.834222 -0.90641 -0.344327 0.848166 -0.906409 
-0.546493 0.817263 -0.874619 -0.453038 0.834464 -0.866653 
-0.624009 0.796371 -0.776307 -0.546395 0.817719 -0.717883 
-0.68671 0.770585 -0.457117 -0.623927 0.797213 -0.210645 
-0.736481 0.736898 0.163375 -0.686644 0.770585 0.477225 
-0.775527 0.694616 0.636044 -0.736423 0.736905 0.78314 
-0.805961 0.641798 0.815916 -0.775404 0.694633 0.871018 
-0.829691 0.576472 0.876442 -0.805151 0.641827 0.900359 
-0.848301 0.496964 0.896981 -0.829136 0.576515 0.900353 
