1.4987 -0 -0 0 -0 -0 
-1.49985 -0 -0 0 -0 -0 
-1.38482 -0 -0 0 -0 -0 
1.45067 -0 -0 0 -0 -0 
1.45066 -0 -0 0 -0 -0 
1.45067 -0 -0 0 -0 -0 
1.45067 -0 -0 0 -0 -0 
1.45067 -0 -0 0 -0 -0 
1.45067 -0 -0 0 -0 -0 
1.45067 -0 -0 0 -0 -0 
1.45067 -0 -0 0 -0 -0 
1.45067 -0 -0 0 -0 -0 
1.45067 -0 -0 0 -0 -0 
1.45067 -0 -0 0 -0 -0 
1.45067 -0 -0 0 -0 -0 
1.45067 1.19986 -0 0 -0 -0 
1.45067 -1.19911 -0 0 -0 -0 
1.45067 -0.653268 -0 0 -0 -0 
1.45067 1.19458 -0 0 -0 -0 
1.45067 1.19458 -0 0 -0 -0 
1.45067 1.19458 -0 0 -0 -0 
1.45067 1.19458 -0 0 -0 -0 
1.45067 1.19458 -0 0 -0 -0 
1.45067 1.19458 -0 0 -0 -0 
1.45067 1.19458 -0 0 -0 -0 
1.45067 1.19458 -0 0 -0 -0 
1.45067 1.19458 -0 0 -0 -0 
1.45067 1.19458 -0 0 -0 -0 
1.45067 1.19458 -0 0 -0 -0 
1.45067 1.19458 -0 0 -0 -0 
1.45067 1.19458 -0 0 -0 -0 
1.45067 1.19458 -0 0 -0 -0 
1.45067 1.19458 -1.4987 0 -0 -0 
1.45067 1.19458 1.49985 0 -0 -0 
-1.49085 1.19458 1.38482 0 -0 -0 
-1.49085 1.19458 -1.45067 0 -0 -0 
-1.49085 1.19458 -1.45066 0 -0 -0 
-1.49085 1.19458 -1.45066 0 -0 -0 
-1.49085 1.19458 -1.45067 0 -0 -0 
-1.49085 1.19458 -1.45067 0 -0 -0 
-1.49085 1.19458 -1.45067 0 -0 -0 
-1.48906 1.19458 -1.45067 0 -0 -0 
-1.48677 1.19458 -1.45067 0 -0 -0 
-1.48379 1.19458 -1.45067 0 -0 -0 
-1.4799 1.19458 -1.45067 0 -0 -0 
-1.47547 1.19458 -1.45067 0 -0 -0 
-1.46879 1.19458 -1.45067 0 -0 -0 
-1.45977 1.19458 -1.45067 0 -0 -0 
-1.44747 1.19458 -1.45067 1.4987 -0 -0 
-1.43056 1.19444 -1.45067 -1.49985 -0 -0 
-1.40715 1.19444 -1.45067 -1.38482 -0 -0 
-1.3746 1.19444 -1.45067 1.45067 -0 -0 
-1.32928 1.19444 -1.45067 1.45067 -0 -0 
-1.26597 1.19444 -1.45067 1.45067 -0 -0 
-1.17877 1.19444 -1.45066 1.45067 -0 -0 
-1.06067 1.19444 -1.45066 1.45067 -0 -0 
-0.904939 1.19445 -1.45067 1.45067 -0 -0 
-0.707332 1.19446 -1.45067 1.45067 -0 -0 
-0.469104 1.19447 -1.45067 1.45067 -0 -0 
-0.199501 1.19448 -1.45067 1.45067 -0 -0 
0.0843261 -1.14791 -1.45067 1.45067 -0 -0 
0.361196 -1.14784 -1.45067 1.45067 -0 -0 
0.612033 -1.14778 -1.45067 1.45067 -0 -0 
0.824762 -1.14772 -1.45067 1.45067 1.19986 -0 
0.995607 -1.14766 -1.45067 1.45067 -1.19911 -0 
1.12721 -1.1476 -1.45067 1.45067 -0.653268 -0 
1.22565 -1.14755 1.49085 1.45067 1.19458 -0 
1.29789 -1.1475 1.49085 1.45067 1.19458 -0 
1.35035 -1.14022 1.49085 1.45067 1.19458 -0 
1.38829 -1.13152 1.49085 1.45067 1.19458 -0 
1.41574 -1.12108 1.49085 1.45067 1.19458 -0 
1.43569 -1.1085 1.49085 1.45067 1.19458 -0 
1.44331 -1.09329 1.48367 1.45067 1.19458 -0 
1.42183 -1.07481 1.45982 1.45067 1.19458 -0 
1.39134 -1.05232 1.42629 1.45067 1.19458 -0 
1.45037 -1.02486 1.48379 1.38096 1.19458 -0 
1.45039 -0.991319 1.4799 1.3587 1.19458 -0 
1.45041 -0.950349 1.47547 1.41978 1.19458 -0 
1.45043 -0.900414 1.46879 1.44256 1.19458 -0 
1.45045 -0.839816 1.45977 1.43634 1.19458 -0 
1.45047 -0.766798 1.44747 1.43891 1.19458 -1.48655 
1.32377 -0.679724 1.43056 1.44659 1.19458 1.49564 
0.802817 -0.577356 1.4047 -1.49085 1.19458 1.38482 
-0.380368 -0.45922 1.3746 -1.46458 1.19458 -1.4251 
-1.17608 -0.326012 1.30371 -1.49085 1.19458 -1.45067 
-1.29788 -0.179932 1.15258 -1.49085 1.19458 -1.45067 
-1.41455 -0.0247985 1.12879 -1.49085 1.19458 -1.45067 
-1.43932 0.134192 1.024 -1.49085 1.19458 -1.45067 
-1.44874 0.290903 0.879371 -1.49085 1.19458 -1.45067 
-1.44495 0.439736 0.686191 -1.48906 1.19458 -1.45067 
-1.42282 0.575874 0.448624 -1.48677 1.19458 -1.45067 
-1.43481 0.696085 0.192669 -1.48379 1.19458 -1.45067 
-1.42886 0.798908 -0.0812418 -1.4799 1.19458 -1.45067 
-1.40395 0.884454 -0.342655 -1.47547 1.19458 -1.45067 
-1.39905 0.953985 -0.58014 -1.46879 1.19458 -1.45067 
-1.39293 1.00944 -0.780992 -1.45977 1.19458 -1.45067 
-1.38517 1.05276 -0.941521 -1.44747 1.19458 -1.45067 
-1.37628 1.08641 -1.0649 -1.43056 1.19444 -1.45067 
-1.36986 1.11233 -1.16053 -1.40715 1.19444 -1.45067 
-1.35907 1.13219 -1.23019 -1.3746 1.19444 -1.45067 
-1.36657 1.14735 -1.30202 -1.32928 1.19444 -1.45067 
-1.36721 1.1589 -1.36059 -1.26597 1.19444 -1.45067 
-1.32006 1.1677 -1.36812 -1.17877 1.19444 -1.45067 
-1.30078 1.1747 -1.40612 -1.06067 1.19444 -1.45067 
-1.2616 1.1801 -1.43072 -0.904939 1.19445 -1.45067 
-1.20559 1.18424 -1.43901 -0.707332 1.19446 -1.45067 
-1.13282 1.18742 -1.44982 -0.469104 1.19447 -1.45067 
-1.02971 1.18989 -1.45037 -0.197511 1.19448 -1.4362 
-0.901253 1.18289 -1.45039 0.0836611 -1.14791 -1.43923 
-0.74588 1.13571 -1.45041 0.357899 -1.14784 -1.43742 
-0.56388 0.940941 -1.45043 0.607846 -1.14778 -1.44074 
-0.358746 0.35494 -1.45045 0.815273 -1.14772 -1.43398 
-0.13749 -0.452695 -1.45047 0.975335 -1.14766 -1.42113 
0.0900304 -0.917171 -1.32377 1.11591 -1.1476 -1.43612 
0.309749 -1.08765 -0.796418 1.22565 -1.14755 1.49085 
0.520683 -1.13982 0.380368 1.27888 -1.1475 1.46901 
0.704278 -1.13031 1.19565 1.35035 -1.14022 1.49085 
0.853789 -1.11873 1.40574 1.38829 -1.13152 1.49085 
0.998512 -1.10458 1.47719 1.40189 -1.12108 1.47627 
1.10608 -1.08718 1.49087 1.42082 -1.1085 1.4754 
1.19163 -1.06573 1.49087 1.43599 -1.09329 1.47615 
1.25872 -1.03917 1.48947 1.42201 -1.07481 1.46 
1.31087 -1.00625 1.48777 1.41189 -1.05232 1.44735 
1.35119 -0.965407 1.48568 1.38246 -1.02486 1.41432 
1.3823 -0.914827 1.48311 1.32961 -0.991319 1.35666 
1.4063 -0.852451 1.47992 1.27947 -0.950349 1.30158 
1.42487 -0.776095 1.47596 1.24487 -0.900414 1.26063 
1.43928 -0.683687 1.471 1.26499 -0.839816 1.27312 
1.35151 -0.573643 1.46474 1.26963 -0.766798 1.267 
1.00106 -0.445378 1.45681 1.17132 -0.679724 1.26581 
0.0984458 -0.299891 1.44673 0.721034 -0.577356 1.2616 
-0.892843 -0.140217 1.43387 -0.336932 -0.45922 1.21763 
-1.32416 0.0284728 1.4173 -1.07849 -0.326012 1.19553 
-1.44591 0.19935 1.39504 -1.28653 -0.179932 1.14249 
-1.47992 0.364959 1.36601 -1.32909 -0.0247985 1.06059 
-1.49086 0.518511 1.32814 -1.35017 0.134192 0.960572 
-1.48943 0.654993 1.27886 -1.35324 0.290903 0.821403 
-1.48767 0.771717 1.21506 -1.34979 0.439736 0.640999 
-1.48549 0.868241 1.13323 -1.34436 0.575874 0.423886 
-1.4828 0.945837 1.02971 -1.35409 0.696085 0.18183 
-1.47946 1.00681 0.901253 -1.37991 0.798908 -0.0784587 
-1.47528 1.05388 0.74588 -1.39188 0.884454 -0.339709 
-1.47 1.08975 0.56388 -1.41822 0.953985 -0.588089 
-1.46331 1.1167 0.358746 -1.4413 1.00944 -0.808108 
-1.4548 1.13691 0.13749 -1.453 1.05276 -0.987628 
-1.43989 1.15203 -0.0897782 -1.45681 1.08641 -1.12721 
-1.41564 1.16333 -0.309631 -1.44673 1.11233 -1.22565 
-1.39176 1.17179 -0.513486 -1.43387 1.13219 -1.29789 
-1.37739 1.17813 -0.701713 -1.4173 1.14735 -1.35035 
-1.29895 1.18289 -0.83071 -1.39504 1.1589 -1.38829 
-1.2832 1.1865 -0.977266 -1.36601 1.1677 -1.41574 
-1.2237 1.18934 -1.07839 -1.32814 1.1747 -1.43569 
-1.14471 1.19152 -1.15361 -1.27886 1.1801 -1.45029 
-1.04392 1.19318 -1.20651 -1.21506 1.18424 -1.45032 
-0.933366 1.19447 -1.25969 -1.13323 1.18742 -1.45034 
-0.781282 1.17954 -1.27803 -1.02971 1.18989 -1.45037 
-0.617656 1.10407 -1.30908 -0.901253 1.18289 -1.45039 
-0.419316 0.748795 -1.30495 -0.74588 1.13571 -1.45041 
-0.210112 -0.126355 -1.29649 -0.56388 0.940941 -1.45043 
0.00108134 -0.825165 -1.28169 -0.358746 0.35494 -1.45045 
0.203013 -1.07301 -1.17827 -0.13749 -0.452695 -1.45047 
0.394025 -1.14766 -0.871695 0.0900304 -0.917171 -1.32377 
0.566923 -1.14761 -0.0857332 0.312783 -1.08765 -0.80422 
0.701092 -1.13975 0.760728 0.520683 -1.13982 0.380368 
0.850287 -1.13023 1.16506 0.706338 -1.13031 1.19915 
0.985337 -1.11865 1.31566 0.865837 -1.11873 1.42558 
1.05037 -1.10448 1.32255 0.998512 -1.10458 1.47719 
1.10941 -1.08707 1.32571 1.10608 -1.08718 1.49087 
1.18166 -1.0656 1.35021 1.19163 -1.06573 1.49087 
1.20825 -1.03902 1.33498 1.25872 -1.03917 1.48947 
1.22594 -1.00607 1.32028 1.31087 -1.00625 1.48777 
1.23472 -0.965199 1.30348 1.35119 -0.965407 1.48568 
1.23827 -0.914586 1.28653 1.3823 -0.914827 1.48311 
1.2403 -0.852171 1.27164 1.4063 -0.852451 1.47992 
1.24929 -0.775773 1.2661 1.42487 -0.776095 1.47596 
1.264 -0.683322 1.27516 1.43928 -0.683687 1.471 
1.18366 -0.573235 1.27412 1.35151 -0.573643 1.46474 
0.875491 -0.444934 1.26281 1.00106 -0.445378 1.45681 
0.0854307 -0.29942 1.24099 0.0984458 -0.299891 1.44673 
-0.774206 -0.139736 1.22375 -0.892843 -0.140217 1.43387 
-1.14428 0.0289465 1.19812 -1.32416 0.0284728 1.4173 
-1.25494 0.199797 1.17506 -1.44591 0.19935 1.39504 
-1.28544 0.365362 1.13879 -1.47992 0.364959 1.36601 
-1.29598 0.51886 1.09208 -1.49086 0.518511 1.32814 
-1.29667 0.655283 1.03056 -1.48943 0.654993 1.27886 
-1.2967 0.77195 0.950561 -1.48767 0.771717 1.21506 
-1.30582 0.868422 0.855181 -1.48549 0.868241 1.13323 
-1.29605 0.945976 0.723391 -1.4828 0.945837 1.02971 
-1.29981 1.00692 0.574376 -1.47946 1.00681 0.901253 
-1.25924 1.05396 0.386849 -1.47528 1.05388 0.74588 
-1.26434 1.08977 0.199338 -1.47 1.08975 0.56388 
-1.29468 1.1167 -0.00107928 -1.46331 1.1167 0.358746 
-1.29875 1.13691 -0.209081 -1.4548 1.13691 0.13749 
-1.29718 1.15203 -0.409483 -1.44393 1.15203 -0.0900304 
-1.28158 1.16333 -0.588865 -1.43005 1.16333 -0.312783 
-1.26152 1.17179 -0.743997 -1.41127 1.17179 -0.520683 
-1.2378 1.17813 -0.875557 -1.38647 1.17813 -0.706338 
-1.20324 1.18289 -0.980846 -1.35388 1.18289 -0.865837 
-1.1617 1.18652 -1.06741 -1.31109 1.1865 -0.998512 
-1.10241 1.18936 -1.13159 -1.25512 1.18934 -1.10608 
-1.02986 1.19153 -1.18411 -1.18243 1.19152 -1.19163 
-0.936591 1.19319 -1.22403 -1.08909 1.19318 -1.25872 
-0.826446 1.19448 -1.26398 -0.971285 1.19447 -1.31087 
-0.692509 1.18292 -1.30285 -0.826008 1.17954 -1.35119 
-0.514046 1.13579 -1.29637 -0.6522 1.10407 -1.3823 
-0.323608 0.941255 -1.2951 -0.451883 0.748795 -1.4063 
-0.12527 0.355656 -1.31398 -0.230918 -0.126355 -1.42487 
0.0820107 -0.452073 -1.33245 0.0012143 -0.825165 -1.43928 
0.293505 -0.916902 -1.27098 0.232861 -1.07301 -1.35151 
0.483189 -1.08754 -0.930033 0.452501 -1.14766 -1.00106 
0.651883 -1.13977 -0.0909195 0.650987 -1.14761 -0.0984458 
0.796611 -1.13025 0.821834 0.822851 -1.13975 0.892843 
0.902758 -1.11867 1.19755 0.966398 -1.13023 1.32416 
0.964523 -1.10451 1.26113 1.08288 -1.11865 1.44591 
1.04306 -1.08711 1.29561 1.17535 -1.10448 1.47992 
1.09904 -1.06564 1.30065 1.24761 -1.08707 1.49086 
1.14292 -1.03907 1.29725 1.30349 -1.0656 1.48943 
1.17801 -1.00613 1.29533 1.34644 -1.03902 1.48767 
1.19938 -0.96527 1.2869 1.37935 -1.00607 1.48549 
1.21779 -0.914671 1.28155 1.40459 -0.965199 1.4828 
1.23069 -0.852272 1.27482 1.42397 -0.914586 1.47946 
1.24087 -0.775892 1.26817 1.43891 -0.852171 1.47528 
1.25714 -0.683461 1.26939 1.45049 -0.775773 1.47 
1.16453 -0.573394 1.28128 1.45051 -0.683322 1.46331 
0.705334 -0.445111 1.26782 1.35151 -0.573235 1.4548 
-0.334195 -0.299612 1.26171 1.00106 -0.444934 1.44393 
-1.05637 -0.139936 1.24835 0.0984458 -0.29942 1.43005 
-1.25675 0.0287457 1.23004 -0.892843 -0.139736 1.41127 
-1.31614 0.199604 1.2173 -1.32416 0.0289465 1.38647 
-1.33573 0.365185 1.19018 -1.44591 0.199797 1.35388 
-1.33785 0.518704 1.14789 -1.47992 0.365362 1.31109 
-1.33573 0.655151 1.09 -1.48947 0.51886 1.25512 
-1.35054 0.771843 1.02912 -1.48777 0.655283 1.18243 
-1.36283 0.868337 0.945064 -1.48568 0.77195 1.08909 
-1.35182 0.94591 0.82205 -1.4831 0.868422 0.971285 
-1.3329 1.00687 0.672412 -1.4799 0.945976 0.826008 
-1.33413 1.05392 0.510381 -1.47592 1.00692 0.6522 
-1.31247 1.08977 0.320788 -1.47094 1.05396 0.451883 
-1.30911 1.11668 0.123585 -1.46464 1.08977 0.230918 
-1.31927 1.13687 -0.0808401 -1.45665 1.1167 -0.0012143 
-1.32123 1.15197 -0.284973 -1.44647 1.13691 -0.232861 
-1.30575 1.16326 -0.473448 -1.43345 1.15203 -0.452501 
-1.29109 1.1717 -0.642928 -1.41678 1.16333 -0.650987 
-1.28487 1.17802 -0.796989 -1.39522 1.17179 -0.822851 
-1.20682 1.18277 -0.881733 -1.36623 1.17813 -0.966398 
-1.2093 1.1865 -1.0067 -1.32841 1.18289 -1.08288 
-1.15529 1.18934 -1.07605 -1.27918 1.18652 -1.17535 
-1.10103 1.19152 -1.14011 -1.21544 1.18936 -1.24761 
-1.02784 1.19318 -1.18839 -1.13369 1.19153 -1.30349 
-0.934401 1.19447 -1.22541 -1.03025 1.19319 -1.34644 
-0.818429 1.17954 -1.25434 -0.90188 1.19448 -1.37935 
-0.680212 1.10405 -1.28124 -0.746583 1.18292 -1.40459 
-0.514672 0.748703 -1.29874 -0.564643 1.13579 -1.42397 
-0.331199 -0.126515 -1.3258 -0.359542 0.941255 -1.43891 
-0.127241 -0.825251 -1.33468 -0.138284 0.355656 -1.45049 
0.0824344 -1.07304 -1.22245 0.0892767 -0.452073 -1.45051 
0.288092 -1.14767 -0.74282 0.3121 -0.916902 -1.35151 
0.482863 -1.14763 0.352509 0.520091 -1.08754 -1.00106 
0.654316 -1.13977 1.11137 0.705846 -1.13977 -0.0984458 
0.820452 -1.13025 1.35141 0.865441 -1.13025 0.892843 
0.948983 -1.11867 1.40433 0.998202 -1.11867 1.32416 
1.0114 -1.10451 1.36353 1.10584 -1.10451 1.44591 
1.06942 -1.08711 1.33817 1.19145 -1.08711 1.47992 
1.1429 -1.06564 1.35255 1.25859 -1.06564 1.48947 
1.19625 -1.03907 1.35778 1.31077 -1.03907 1.48777 
1.23418 -1.00613 1.35709 1.35111 -1.00613 1.48568 
1.2645 -0.96527 1.35677 1.38224 -0.96527 1.4831 
1.28954 -0.914671 1.35709 1.40626 -0.914671 1.4799 
1.31867 -0.852272 1.36599 1.42484 -0.852272 1.47592 
1.34642 -0.775892 1.37614 1.43926 -0.775892 1.47094 
1.37247 -0.683461 1.38601 1.45051 -0.683461 1.46464 
1.26873 -0.573394 1.36771 1.32391 -0.573394 1.45665 
0.934255 -0.445111 1.35043 0.804722 -0.445111 1.44647 
0.0927352 -0.299612 1.35119 -0.379686 -0.299612 1.43345 
-0.837023 -0.139936 1.32882 -1.19889 -0.139936 1.41678 
-1.23747 0.0287457 1.30388 -1.42551 0.0287457 1.39522 
-1.34639 0.199604 1.27219 -1.47717 0.199604 1.36623 
-1.37721 0.365185 1.23621 -1.49086 0.365185 1.32841 
-1.38595 0.518704 1.19027 -1.49086 0.518704 1.27918 
-1.38477 0.655151 1.1313 -1.48946 0.655151 1.21544 
-1.36875 0.771843 1.04446 -1.48776 0.771843 1.13369 
-1.37748 0.868337 0.956877 -1.48567 0.868337 1.03025 
-1.36951 0.94591 0.834596 -1.4831 0.94591 0.90188 
-1.36 1.00687 0.687926 -1.47993 1.00687 0.746583 
-1.34774 1.05392 0.517331 -1.47598 1.05392 0.564643 
-1.32907 1.08977 0.326239 -1.47103 1.08977 0.359542 
-1.30062 1.1167 0.123457 -1.46481 1.11668 0.138284 
-1.32129 1.13691 -0.0815361 -1.45695 1.13687 -0.0892767 
-1.30224 1.15203 -0.283451 -1.447 1.15197 -0.3121 
-1.2857 1.16333 -0.471753 -1.43439 1.16326 -0.520091 
-1.26296 1.17179 -0.638937 -1.41744 1.1717 -0.705846 
-1.23309 1.17813 -0.78111 -1.39522 1.17802 -0.865441 
-1.20111 1.18289 -0.902563 -1.36623 1.18277 -0.998202 
-1.15232 1.18652 -0.996199 -1.32841 1.1865 -1.10584 
-1.09189 1.18936 -1.07038 -1.27918 1.18934 -1.19145 
-1.01693 1.19153 -1.12903 -1.21544 1.19152 -1.25859 
-0.923622 1.19319 -1.17522 -1.13369 1.19318 -1.31077 
-0.80446 1.18289 -1.20534 -1.03025 1.19447 -1.35111 
-0.670566 1.13571 -1.24178 -0.90188 1.17954 -1.38224 
-0.505251 0.940941 -1.25879 -0.746583 1.10405 -1.40626 
-0.312975 0.35494 -1.24109 -0.564643 0.748703 -1.42484 
-0.119042 -0.452695 -1.24122 -0.359542 -0.126515 -1.43926 
0.0768735 -0.917171 -1.24542 -0.138284 -0.825251 -1.45051 
0.274946 -1.08765 -1.18966 0.0892767 -1.07304 -1.32391 
0.452927 -1.14763 -0.871398 0.3121 -1.14767 -0.804722 
0.617686 -1.13955 -0.086125 0.520091 -1.14763 0.379686 
0.75925 -1.12971 0.783132 0.705846 -1.13977 1.19889 
0.847035 -1.11769 1.12347 0.865441 -1.13025 1.42551 
0.94252 -1.10289 1.23223 0.998202 -1.11867 1.47717 
1.0261 -1.08461 1.27444 1.10584 -1.10451 1.49086 
1.07082 -1.06192 1.26719 1.19145 -1.08711 1.49086 
1.106 -1.03369 1.25529 1.25859 -1.06564 1.48946 
1.13367 -0.998473 1.24654 1.31077 -1.03907 1.48776 
1.15387 -0.954561 1.23804 1.35111 -1.00613 1.48567 
1.16604 -0.899923 1.2271 1.38224 -0.96527 1.4831 
1.17574 -0.83229 1.21791 1.40626 -0.914671 1.47993 
1.17487 -0.749312 1.20076 1.42484 -0.852272 1.47598 
1.18085 -0.648863 1.19242 1.43926 -0.775892 1.47103 
1.07821 -0.529518 1.1864 1.45051 -0.683461 1.46481 
0.655583 -0.391173 1.17835 1.35151 -0.573394 1.45695 
-0.30588 -0.235684 1.15585 1.00106 -0.445111 1.447 
-0.970819 -0.0672622 1.14788 0.0984458 -0.299612 1.43439 
-1.15779 0.107664 1.1332 -0.892843 -0.139936 1.41744 
-1.21435 0.281266 1.12315 -1.32416 0.0287457 1.39522 
-1.23384 0.44568 1.09937 -1.44591 0.199604 1.36623 
-1.23739 0.594431 1.06167 -1.47992 0.365185 1.32841 
-1.23916 0.723403 1.01115 -1.48947 0.518704 1.27918 
-1.2539 0.831079 0.95542 -1.48777 0.655151 1.21544 
-1.26308 0.918132 0.875805 -1.48568 0.771843 1.13369 
-1.23776 0.98669 0.752581 -1.4831 0.868337 1.03025 
-1.21806 1.03958 0.614345 -1.47992 0.94591 0.90188 
-1.22472 1.07976 0.468362 -1.47596 1.00687 0.746583 
-1.20297 1.10995 0.293842 -1.471 1.05392 0.564643 
-1.19314 1.13234 0.11244 -1.46474 1.08977 0.359542 
-1.21747 1.14898 -0.0748229 -1.45681 1.1167 0.138284 
-1.21651 1.16132 -0.262646 -1.44673 1.13691 -0.0892767 
-1.20657 1.17047 -0.437842 -1.43387 1.15203 -0.3121 
-1.19296 1.17728 -0.594295 -1.41744 1.16333 -0.520091 
-1.18234 1.18236 -0.733634 -1.39522 1.17179 -0.705846 
-1.10906 1.18616 -0.810551 -1.36622 1.17813 -0.865441 
-1.11771 1.18914 -0.930734 -1.32839 1.18289 -0.998202 
-1.06694 1.19141 -0.994087 -1.27914 1.18652 -1.10584 
-1.01933 1.19314 -1.05591 -1.21539 1.18936 -1.19145 
-0.951355 1.19446 -1.10045 -1.13362 1.19153 -1.25859 
-0.867058 1.19447 -1.13773 -1.03015 1.19319 -1.31077 
-0.760195 1.18289 -1.16593 -0.901749 1.18289 -1.35111 
-0.636923 1.13571 -1.20086 -0.746418 1.13571 -1.38224 
-0.482933 0.940941 -1.22032 -0.564444 0.940941 -1.40626 
-0.307901 0.35494 -1.23528 -0.359314 0.35494 -1.42484 
-0.117759 -0.452695 -1.24235 -0.138035 -0.452695 -1.43926 
0.0776839 -0.917171 -1.1424 0.0895322 -0.917171 -1.45051 
0.269987 -1.08765 -0.694765 0.31235 -1.08765 -1.35151 
0.448362 -1.13982 0.326749 0.520322 -1.14763 -1.00106 
0.605127 -1.13031 1.02703 0.706051 -1.13955 -0.0984458 
0.745612 -1.11873 1.22756 0.865616 -1.12971 0.892843 
0.843651 -1.10458 1.24807 0.998347 -1.11769 1.32416 
0.891295 -1.08718 1.20136 1.10596 -1.10289 1.44591 
0.939362 -1.06573 1.17525 1.19154 -1.08461 1.47992 
1.00525 -1.03917 1.18953 1.25866 -1.06192 1.48947 
1.05418 -1.00625 1.19644 1.31082 -1.03369 1.48777 
1.08843 -0.965407 1.19676 1.35116 -0.998473 1.48568 
1.11559 -0.914827 1.19694 1.38227 -0.954561 1.4831 
1.13639 -0.852451 1.19588 1.40629 -0.899923 1.47992 
1.16115 -0.776095 1.20279 1.42486 -0.83229 1.47596 
1.18589 -0.683687 1.21202 1.43928 -0.749312 1.471 
1.1286 -0.573643 1.22316 1.45052 -0.648863 1.46474 
0.823427 -0.445378 1.1983 1.32396 -0.529518 1.45681 
0.0801152 -0.299891 1.17735 0.804894 -0.391173 1.44673 
-0.732196 -0.140217 1.17587 -0.379454 -0.235684 1.43387 
-1.08188 0.0284728 1.15798 -1.1988 -0.0672622 1.41744 
-1.16543 0.19935 1.12443 -1.42549 0.107664 1.39522 
-1.19617 0.364959 1.1041 -1.47716 0.281266 1.36622 
-1.20211 0.518511 1.0709 -1.49086 0.44568 1.32839 
-1.19909 0.654993 1.02957 -1.49086 0.594431 1.27914 
-1.1978 0.771717 0.978308 -1.48946 0.723403 1.21539 
-1.17875 0.868241 0.899221 -1.48776 0.831079 1.13362 
-1.17561 0.945837 0.816384 -1.48567 0.918132 1.03015 
-1.16235 1.00681 0.708078 -1.4831 0.98669 0.901749 
-1.1359 1.05388 0.574293 -1.47992 1.03958 0.746418 
-1.11309 1.08975 0.426971 -1.47596 1.07976 0.564444 
-1.08055 1.1167 0.264909 -1.471 1.10995 0.359314 
-1.0691 1.13691 0.101039 -1.46474 1.13234 0.138035 
-1.08627 1.15203 -0.0677301 -1.45681 1.14898 -0.0895322 
-1.06539 1.16333 -0.233023 -1.44673 1.16132 -0.31235 
-1.05578 1.17179 -0.389527 -1.43387 1.17047 -0.520322 
-1.03184 1.17813 -0.525675 -1.4173 1.17728 -0.706051 
-0.957332 1.18289 -0.612236 -1.39504 1.18236 -0.865616 
-0.958914 1.1865 -0.730297 -1.36601 1.18616 -0.998347 
-0.914761 1.18934 -0.806136 -1.32814 1.18914 -1.10596 
-0.856137 1.19152 -0.862796 -1.27886 1.19141 -1.19154 
-0.790791 1.19318 -0.913955 -1.21506 1.19314 -1.25866 
-0.703819 1.19447 -0.94989 -1.13323 1.19446 -1.31082 
-0.593617 1.17954 -0.971042 -1.02971 1.19447 -1.35116 
-0.472101 1.10407 -1.00059 -0.901253 1.18289 -1.38227 
-0.324137 0.748795 -1.00874 -0.74588 1.13571 -1.40629 
-0.159788 -0.126355 -0.985966 -0.56388 0.940941 -1.42486 
0.000833976 -0.825165 -0.988495 -0.358746 0.35494 -1.43928 
0.16063 -1.07301 -0.932285 -0.13749 -0.452695 -1.45052 
0.323174 -1.14766 -0.714952 0.0900304 -0.917171 -1.32396 
0.463823 -1.14761 -0.0701419 0.312783 -1.08765 -0.804894 
0.582641 -1.13975 0.632201 0.520683 -1.13982 0.379454 
0.693715 -1.13023 0.950528 0.706338 -1.13031 1.1988 
0.749764 -1.11865 1.00112 0.865837 -1.11873 1.42549 
0.790409 -1.10448 0.995227 0.998512 -1.10458 1.47716 
0.829059 -1.08707 0.990703 1.10608 -1.08718 1.49086 
0.889549 -1.0656 1.01644 1.19163 -1.06573 1.49086 
0.911098 -1.03902 1.00666 1.25872 -1.03917 1.48946 
0.925255 -1.00607 0.996453 1.31087 -1.00625 1.48776 
0.93227 -0.965199 0.984184 1.35119 -0.965407 1.48567 
0.932269 -0.914586 0.968602 1.3823 -0.914827 1.4831 
0.93543 -0.852171 0.959074 1.4063 -0.852451 1.47992 
0.941771 -0.775773 0.954442 1.42487 -0.776095 1.47596 
0.966088 -0.683322 0.974618 1.43928 -0.683687 1.471 
0.909121 -0.573235 0.978603 1.35151 -0.573643 1.46474 
0.674466 -0.444934 0.97285 1.00106 -0.445378 1.45681 
0.067079 -0.29942 0.974408 0.0984458 -0.299891 1.44673 
-0.608045 -0.139736 0.961106 -0.892843 -0.140217 1.43387 
-0.89745 0.0289465 0.939679 -1.32416 0.0284728 1.4173 
-0.982038 0.199797 0.91953 -1.44591 0.19935 1.39504 
-1.00891 0.365362 0.893811 -1.47992 0.364959 1.36601 
-1.01176 0.51886 0.85258 -1.49086 0.518511 1.32814 
-1.01067 0.655283 0.803253 -1.48943 0.654993 1.27886 
-1.00489 0.77195 0.736646 -1.48767 0.771717 1.21506 
-0.998747 0.868422 0.654081 -1.48549 0.868241 1.13323 
-0.997472 0.945976 0.556742 -1.4828 0.945837 1.02971 
-0.980386 1.00692 0.433225 -1.47946 1.00681 0.901253 
-0.958791 1.05396 0.294548 -1.47528 1.05388 0.74588 
-0.943612 1.08977 0.148772 -1.47 1.08975 0.56388 
-0.945107 1.1167 -0.000787864 -1.46331 1.1167 0.358746 
-0.953976 1.13691 -0.153577 -1.4548 1.13691 0.13749 
-0.941856 1.15203 -0.297318 -1.44393 1.15203 -0.0900304 
-0.937551 1.16333 -0.43079 -1.43005 1.16333 -0.312783 
-0.919617 1.17179 -0.542357 -1.41127 1.17179 -0.520683 
-0.905147 1.17813 -0.640253 -1.38647 1.17813 -0.706338 
-0.862722 1.18289 -0.703268 -1.35388 1.18289 -0.865837 
-0.84252 1.18652 -0.774136 -1.31109 1.1865 -0.998512 
-0.797746 1.18936 -0.818859 -1.25512 1.18934 -1.10608 
-0.74544 1.19153 -0.857091 -1.18243 1.19152 -1.19163 
-0.680368 1.19319 -0.889175 -1.08909 1.19318 -1.25872 
-0.602362 1.19448 -0.921264 -0.971285 1.19447 -1.31087 
-0.50658 1.18292 -0.953055 -0.826008 1.17954 -1.35119 
-0.375025 1.13579 -0.945771 -0.6522 1.10407 -1.3823 
-0.234985 0.941255 -0.940424 -0.451883 0.748795 -1.4063 
-0.0918079 0.355656 -0.962993 -0.230918 -0.126355 -1.42487 
0.0599138 -0.452073 -0.973437 0.0012143 -0.825165 -1.43928 
0.214578 -0.916902 -0.929199 0.232861 -1.07301 -1.35151 
0.351283 -1.08754 -0.676144 0.452501 -1.14766 -1.00106 
0.468049 -1.13977 -0.0652798 0.650987 -1.14761 -0.0984458 
0.558421 -1.13025 0.576103 0.822851 -1.13975 0.892843 
0.623876 -1.11867 0.827598 0.966398 -1.13023 1.32416 
0.63486 -1.10451 0.83009 1.08288 -1.11865 1.44591 
0.690176 -1.08711 0.857284 1.17535 -1.10448 1.47992 
0.723748 -1.06564 0.856516 1.24761 -1.08707 1.49086 
0.749721 -1.03907 0.850958 1.30349 -1.0656 1.48943 
0.777433 -1.00613 0.854862 1.34644 -1.03902 1.48767 
0.794778 -0.96527 0.852772 1.37935 -1.00607 1.48549 
0.808834 -0.914671 0.851186 1.40459 -0.965199 1.4828 
0.819332 -0.852272 0.848707 1.42397 -0.914586 1.47946 
0.826015 -0.775892 0.844195 1.43891 -0.852171 1.47528 
0.8486 -0.683461 0.856869 1.45049 -0.775773 1.47 
0.794045 -0.573394 0.873657 1.45051 -0.683322 1.46331 
0.484327 -0.445111 0.870566 1.35151 -0.573235 1.4548 
-0.229981 -0.299612 0.868261 1.00106 -0.444934 1.44393 
-0.731621 -0.139936 0.864585 0.0984458 -0.29942 1.43005 
-0.878422 0.0287457 0.859755 -0.892843 -0.139736 1.41127 
-0.908154 0.199604 0.839949 -1.32416 0.0289465 1.38647 
-0.929361 0.365185 0.828089 -1.44591 0.199797 1.35388 
-0.934647 0.518704 0.801939 -1.47992 0.365362 1.31109 
-0.935991 0.655151 0.763795 -1.48947 0.51886 1.25512 
-0.951904 0.771843 0.725359 -1.48777 0.655283 1.18243 
-0.957759 0.868337 0.664163 -1.48568 0.77195 1.08909 
-0.942738 0.94591 0.573285 -1.4831 0.868422 0.971285 
-0.923211 1.00687 0.465735 -1.4799 0.945976 0.826008 
-0.916649 1.05392 0.350669 -1.47592 1.00692 0.6522 
-0.874848 1.08977 0.213826 -1.47094 1.05396 0.451883 
-0.871353 1.11668 0.082259 -1.46464 1.08977 0.230918 
-0.86183 1.13687 -0.0528098 -1.45665 1.1167 -0.0012143 
-0.861078 1.15197 -0.185724 -1.44647 1.13691 -0.232861 
-0.851864 1.16326 -0.308875 -1.43345 1.15203 -0.452501 
-0.837515 1.1717 -0.417059 -1.41678 1.16333 -0.650987 
-0.817405 1.17802 -0.507028 -1.39522 1.17179 -0.822851 
-0.765899 1.18277 -0.559585 -1.36623 1.17813 -0.966398 
-0.776855 1.1865 -0.6467 -1.32841 1.18289 -1.08288 
-0.733792 1.18934 -0.683465 -1.27918 1.18652 -1.17535 
-0.699074 1.19152 -0.723887 -1.21544 1.18936 -1.24761 
-0.657352 1.19318 -0.760029 -1.13369 1.19153 -1.30349 
-0.59742 1.19447 -0.783483 -1.03025 1.19319 -1.34644 
-0.5237 1.17954 -0.802633 -0.90188 1.19448 -1.37935 
-0.437676 1.10405 -0.824405 -0.746583 1.18292 -1.40459 
-0.329569 0.748703 -0.831644 -0.564643 1.13579 -1.42397 
-0.214687 -0.126515 -0.8594 -0.359542 0.941255 -1.43891 
-0.0827916 -0.825251 -0.868431 -0.138284 0.355656 -1.45049 
0.0537553 -1.07304 -0.797154 0.0892767 -0.452073 -1.45051 
0.18655 -1.14767 -0.481002 0.3121 -0.916902 -1.35151 
0.310745 -1.14763 0.226856 0.520091 -1.08754 -1.00106 
0.419124 -1.13977 0.711889 0.705846 -1.13977 -0.0984458 
0.529888 -1.13025 0.872807 0.865441 -1.13025 0.892843 
0.580843 -1.11867 0.859548 0.998202 -1.11867 1.32416 
0.564489 -1.10451 0.761026 1.10584 -1.10451 1.44591 
0.571481 -1.08711 0.715096 1.19145 -1.08711 1.47992 
0.602907 -1.06564 0.713506 1.25859 -1.06564 1.48947 
0.633149 -1.03907 0.718643 1.31077 -1.03907 1.48777 
0.65846 -1.00613 0.724037 1.35111 -1.00613 1.48568 
0.676687 -0.96527 0.726062 1.38224 -0.96527 1.4831 
0.690739 -0.914671 0.726922 1.40626 -0.914671 1.4799 
0.709018 -0.852272 0.734465 1.42484 -0.852272 1.47592 
0.73453 -0.775892 0.750745 1.43926 -0.775892 1.47094 
0.773211 -0.683461 0.780837 1.45051 -0.683461 1.46464 
0.696595 -0.573394 0.750943 1.32391 -0.573394 1.45665 
0.516958 -0.445111 0.747246 0.804722 -0.445111 1.44647 
0.0519019 -0.299612 0.75623 -0.379686 -0.299612 1.43345 
-0.47615 -0.139936 0.755917 -1.19889 -0.139936 1.41678 
-0.692894 0.0287457 0.730078 -1.42551 0.0287457 1.39522 
-0.763135 0.199604 0.721081 -1.47717 0.199604 1.36623 
-0.785281 0.365185 0.704883 -1.49086 0.365185 1.32841 
-0.791903 0.518704 0.680098 -1.49086 0.518704 1.27918 
-0.790088 0.655151 0.645471 -1.48946 0.655151 1.21544 
-0.769593 0.771843 0.58726 -1.48776 0.771843 1.13369 
-0.752741 0.868337 0.522899 -1.48567 0.868337 1.03025 
-0.759365 0.94591 0.462765 -1.4831 0.94591 0.90188 
-0.746355 1.00687 0.377527 -1.47993 1.00687 0.746583 
-0.724718 1.05392 0.278183 -1.47598 1.05392 0.564643 
-0.678036 1.08977 0.166434 -1.47103 1.08977 0.359542 
-0.665746 1.1167 0.063194 -1.46481 1.11668 0.138284 
-0.640134 1.13691 -0.0395024 -1.45695 1.13687 -0.0892767 
-0.635667 1.15203 -0.138362 -1.447 1.15197 -0.3121 
-0.62878 1.16333 -0.230713 -1.43439 1.16326 -0.520091 
-0.61421 1.17179 -0.310732 -1.41744 1.1717 -0.705846 
-0.609598 1.17813 -0.386154 -1.39522 1.17802 -0.865441 
-0.572176 1.18289 -0.429956 -1.36623 1.18277 -0.998202 
-0.538507 1.18652 -0.46555 -1.32841 1.1865 -1.10584 
-0.510378 1.18936 -0.500322 -1.27918 1.18934 -1.19145 
-0.469398 1.19153 -0.521145 -1.21544 1.19152 -1.25859 
-0.4273 1.19319 -0.543699 -1.13369 1.19318 -1.31077 
-0.37134 1.18289 -0.556388 -1.03025 1.19447 -1.35111 
-0.313559 1.13571 -0.580659 -0.90188 1.17954 -1.38224 
-0.234164 0.940941 -0.583399 -0.746583 1.10405 -1.40626 
-0.140836 0.35494 -0.558478 -0.564643 0.748703 -1.42484 
-0.0555578 -0.452695 -0.579288 -0.359542 -0.126515 -1.43926 
0.0350201 -0.917171 -0.567359 -0.138284 -0.825251 -1.45051 
0.122921 -1.08765 -0.531866 0.0892767 -1.07304 -1.32391 
0.202171 -1.14763 -0.388963 0.3121 -1.14767 -0.804722 
0.275296 -1.13955 -0.0383849 0.520091 -1.14763 0.379686 
0.319288 -1.12971 0.329331 0.705846 -1.13977 1.19889 
0.33172 -1.11769 0.439977 0.865441 -1.13025 1.42551 
0.354998 -1.10289 0.464116 0.998202 -1.11867 1.47717 
0.392242 -1.08461 0.487175 1.10584 -1.10451 1.49086 
0.389016 -1.06192 0.460353 1.19145 -1.08711 1.49086 
0.385633 -1.03369 0.437688 1.25859 -1.06564 1.48946 
0.407736 -0.998473 0.44833 1.31077 -1.03907 1.48776 
0.421696 -0.954561 0.452455 1.35111 -1.00613 1.48567 
0.42959 -0.899923 0.452083 1.38224 -0.96527 1.4831 
0.434208 -0.83229 0.449781 1.40626 -0.914671 1.47993 
0.434199 -0.749312 0.443769 1.42484 -0.852272 1.47598 
0.435615 -0.648863 0.439886 1.43926 -0.775892 1.47103 
0.398083 -0.529518 0.438027 1.45051 -0.683461 1.46481 
0.244902 -0.391173 0.440189 1.35151 -0.573394 1.45695 
-0.117382 -0.235684 0.443557 1.00106 -0.445111 1.447 
-0.370304 -0.0672622 0.43784 0.0984458 -0.299612 1.43439 
-0.437934 0.107664 0.428633 -0.892843 -0.139936 1.41744 
-0.465159 0.281266 0.430223 -1.32416 0.0287457 1.39522 
-0.484099 0.44568 0.431341 -1.44591 0.199604 1.36623 
-0.497327 0.594431 0.426702 -1.47992 0.365185 1.32841 
-0.505717 0.723403 0.412663 -1.48947 0.518704 1.27918 
-0.523013 0.831079 0.398516 -1.48777 0.655151 1.21544 
-0.554351 0.918132 0.384381 -1.48568 0.771843 1.13369 
-0.58847 0.98669 0.3578 -1.4831 0.868337 1.03025 
-0.593014 1.03958 0.299094 -1.47992 0.94591 0.90188 
-0.592924 1.07976 0.226748 -1.47596 1.00687 0.746583 
-0.588305 1.10995 0.143702 -1.471 1.05392 0.564643 
-0.586434 1.13234 0.0552648 -1.46474 1.08977 0.359542 
-0.585039 1.14898 -0.0359551 -1.45681 1.1167 0.138284 
-0.580973 1.16132 -0.125433 -1.44673 1.13691 -0.0892767 
-0.575153 1.17047 -0.208712 -1.43387 1.15203 -0.3121 
-0.577466 1.17728 -0.287675 -1.41744 1.16333 -0.520091 
-0.620574 1.18236 -0.385063 -1.39522 1.17179 -0.705846 
-0.585836 1.18616 -0.428157 -1.36622 1.17813 -0.865441 
-0.553454 1.18914 -0.460868 -1.32839 1.18289 -0.998202 
-0.53131 1.19141 -0.495033 -1.27914 1.18652 -1.10584 
-0.501801 1.19314 -0.519807 -1.21539 1.18936 -1.19145 
-0.464298 1.19446 -0.537063 -1.13362 1.19153 -1.25859 
-0.419974 1.19447 -0.55108 -1.03015 1.19319 -1.31077 
-0.381973 1.18289 -0.585842 -0.901749 1.18289 -1.35111 
-0.340653 1.13571 -0.64227 -0.746418 1.13571 -1.38224 
-0.279306 0.940941 -0.705774 -0.564444 0.940941 -1.40626 
-0.185675 0.35494 -0.744922 -0.359314 0.35494 -1.42484 
-0.0680514 -0.452695 -0.717939 -0.138035 -0.452695 -1.43926 
0.0430896 -0.917171 -0.633665 0.0895322 -0.917171 -1.45051 
0.146447 -1.08765 -0.376856 0.31235 -1.08765 -1.35151 
0.250456 -1.13982 0.182523 0.520322 -1.14763 -1.00106 
0.329384 -1.13031 0.559033 0.706051 -1.13955 -0.0984458 
0.38237 -1.11873 0.629523 0.865616 -1.12971 0.892843 
0.443497 -1.10458 0.656093 0.998347 -1.11769 1.32416 
0.474575 -1.08718 0.639669 1.10596 -1.10289 1.44591 
0.518051 -1.06573 0.648141 1.19154 -1.08461 1.47992 
0.540996 -1.03917 0.640169 1.25866 -1.06192 1.48947 
0.5649 -1.00625 0.641129 1.31082 -1.03369 1.48777 
0.580386 -0.965407 0.638152 1.35116 -0.998473 1.48568 
0.574499 -0.914827 0.616393 1.38227 -0.954561 1.4831 
0.591136 -0.852451 0.622082 1.40629 -0.899923 1.47992 
0.617213 -0.776095 0.639346 1.42486 -0.83229 1.47596 
0.647456 -0.683687 0.661724 1.43928 -0.749312 1.471 
0.623217 -0.573643 0.675432 1.45052 -0.648863 1.46474 
0.469079 -0.445378 0.682635 1.32396 -0.529518 1.45681 
0.0466093 -0.299891 0.684953 0.804894 -0.391173 1.44673 
-0.424018 -0.140217 0.680954 -0.379454 -0.235684 1.43387 
-0.627119 0.0284728 0.671229 -1.1988 -0.0672622 1.41744 
-0.685699 0.19935 0.661575 -1.42549 0.107664 1.39522 
-0.705025 0.364959 0.650759 -1.47716 0.281266 1.36622 
-0.710094 0.518511 0.632591 -1.49086 0.44568 1.32839 
-0.707763 0.654993 0.607703 -1.49086 0.594431 1.27914 
-0.703237 0.771717 0.574373 -1.48946 0.723403 1.21539 
-0.700537 0.868241 0.534413 -1.48776 0.831079 1.13362 
-0.696814 0.945837 0.483891 -1.48567 0.918132 1.03015 
-0.692894 1.00681 0.422094 -1.4831 0.98669 0.901749 
-0.689847 1.05388 0.348776 -1.47992 1.03958 0.746418 
-0.688098 1.08975 0.263949 -1.47596 1.07976 0.564444 
-0.695916 1.1167 0.170611 -1.471 1.10995 0.359314 
-0.679999 1.13691 0.0642655 -1.46474 1.13234 0.138035 
-0.672648 1.15203 -0.0419401 -1.45681 1.14898 -0.0895322 
-0.663913 1.16333 -0.145212 -1.44673 1.16132 -0.31235 
-0.667509 1.17179 -0.246275 -1.43387 1.17047 -0.520322 
-0.687635 1.17813 -0.350318 -1.4173 1.17728 -0.706051 
-0.70971 1.18289 -0.453876 -1.39504 1.18236 -0.865616 
-0.675919 1.1865 -0.514771 -1.36601 1.18616 -0.998347 
-0.65481 1.18934 -0.577053 -1.32814 1.18914 -1.10596 
-0.610161 1.19152 -0.614907 -1.27886 1.19141 -1.19154 
-0.556654 1.19318 -0.643352 -1.21506 1.19314 -1.25866 
-0.487418 1.19447 -0.65783 -1.13323 1.19446 -1.31082 
-0.3801 1.17954 -0.621769 -1.02971 1.19447 -1.35116 
-0.255317 1.10407 -0.541127 -0.901253 1.18289 -1.38227 
-0.151938 0.748795 -0.472845 -0.74588 1.13571 -1.40629 
-0.0653447 -0.126355 -0.403207 -0.56388 0.940941 -1.42486 
0.000277425 -0.825165 -0.328827 -0.358746 0.35494 -1.43928 
0.0384196 -1.07301 -0.222984 -0.13749 -0.452695 -1.45052 
0.0479948 -1.14766 -0.106178 0.0900304 -0.917171 -1.32396 
0.0420486 -1.14761 -0.00635883 0.312783 -1.08765 -0.804894 
0.0442184 -1.13975 0.0479797 0.520683 -1.13982 0.379454 
0.00133887 -1.13023 0.00183451 0.706338 -1.13031 1.1988 
-0.0778134 -1.11865 -0.1039 0.865837 -1.11873 1.42549 
-0.0199556 -1.10448 -0.0251268 0.998512 -1.10458 1.47716 
0.288267 -1.08707 0.344471 1.10608 -1.08718 1.49086 
0.577284 -1.0656 0.65963 1.19163 -1.06573 1.49086 
0.833451 -1.03902 0.920873 1.25872 -1.03917 1.48946 
1.02758 -1.00607 1.10665 1.31087 -1.00625 1.48776 
1.12278 -0.965199 1.1853 1.35119 -0.965407 1.48567 
1.15895 -0.914586 1.20411 1.3823 -0.914827 1.4831 
1.1584 -0.852171 1.18768 1.4063 -0.852451 1.47992 
1.17116 -0.775773 1.18692 1.42487 -0.776095 1.47596 
1.17967 -0.683322 1.19009 1.43928 -0.683687 1.471 
1.09505 -0.573235 1.17874 1.35151 -0.573643 1.46474 
0.805711 -0.444934 1.16216 1.00106 -0.445378 1.45681 
0.077386 -0.29942 1.12413 0.0984458 -0.299891 1.44673 
-0.725681 -0.139736 1.14705 -0.892843 -0.140217 1.43387 
-1.11113 0.0289465 1.16341 -1.32416 0.0284728 1.4173 
-1.25554 0.199797 1.17562 -1.44591 0.19935 1.39504 
-1.29183 0.365362 1.14446 -1.47992 0.364959 1.36601 
-1.30593 0.51886 1.10046 -1.49086 0.518511 1.32814 
-1.33683 0.655283 1.06247 -1.48943 0.654993 1.27886 
-1.31102 0.77195 0.96106 -1.48767 0.771717 1.21506 
-1.12058 0.868422 0.733867 -1.48549 0.868241 1.13323 
-0.98343 0.945976 0.548904 -1.4828 0.945837 1.02971 
-0.925234 1.00692 0.408854 -1.47946 1.00681 0.901253 
-0.849229 1.05396 0.26089 -1.47528 1.05388 0.74588 
-0.797249 1.08977 0.125696 -1.47 1.08975 0.56388 
-0.710857 1.1167 -0.000592587 -1.46331 1.1167 0.358746 
-0.656882 1.13691 -0.105749 -1.4548 1.13691 0.13749 
-0.634591 1.15203 -0.200323 -1.44393 1.15203 -0.0900304 
-0.610401 1.16333 -0.28047 -1.43005 1.16333 -0.312783 
-0.620854 1.17179 -0.366158 -1.41127 1.17179 -0.520683 
-0.633472 1.17813 -0.448085 -1.38647 1.17813 -0.706338 
-0.568544 1.18289 -0.463462 -1.35388 1.18289 -0.865837 
-0.584583 1.18652 -0.537135 -1.31109 1.1865 -0.998512 
-0.71195 1.18936 -0.730792 -1.25512 1.18934 -1.10608 
-0.815744 1.19153 -0.937925 -1.18243 1.19152 -1.19163 
-0.869558 1.19319 -1.13643 -1.08909 1.19318 -1.25872 
-0.802818 1.19448 -1.22785 -0.971285 1.19447 -1.31087 
-0.6775 1.18292 -1.27462 -0.826008 1.17954 -1.35119 
-0.523638 1.13579 -1.32056 -0.6522 1.10407 -1.3823 
-0.339318 0.941255 -1.35797 -0.451883 0.748795 -1.4063 
-0.131213 0.355656 -1.37632 -0.230918 -0.126355 -1.42487 
0.0856466 -0.452073 -1.39153 0.0012143 -0.825165 -1.43928 
0.309855 -0.916902 -1.34178 0.232861 -1.07301 -1.35151 
0.520091 -1.08754 -1.00106 0.449301 -1.14766 -0.993982 
0.705822 -1.13977 -0.0984425 0.650987 -1.14761 -0.0984458 
0.864996 -1.13025 0.892385 0.822851 -1.13975 0.892843 
0.99742 -1.11867 1.32312 0.966398 -1.13023 1.32416 
1.10584 -1.10451 1.44591 1.08243 -1.11865 1.44531 
1.19115 -1.08711 1.47955 1.17535 -1.10448 1.47992 
1.25834 -1.06564 1.48918 1.24761 -1.08707 1.49086 
1.31077 -1.03907 1.48777 1.30048 -1.0656 1.48598 
1.35111 -1.00613 1.48568 1.32588 -1.03902 1.46495 
1.38224 -0.96527 1.4831 1.3674 -1.00607 1.47262 
1.40626 -0.914671 1.4799 1.39745 -0.965199 1.47527 
1.42484 -0.852272 1.47592 1.39301 -0.914586 1.4473 
1.43926 -0.775892 1.47094 1.41239 -0.852171 1.44809 
1.45051 -0.683461 1.46464 1.42337 -0.775773 1.44251 
1.32391 -0.573394 1.45665 1.434 -0.683322 1.44666 
0.804722 -0.445111 1.44647 1.33512 -0.573235 1.43716 
-0.379686 -0.299612 1.43345 0.988884 -0.444934 1.42637 
-1.19889 -0.139936 1.41678 0.0964425 -0.29942 1.40095 
-1.42551 0.0287457 1.39522 -0.876366 -0.139736 1.38523 
-1.4675 0.199604 1.35728 -1.32416 0.0289465 1.38647 
-1.4793 0.365185 1.31811 -1.44591 0.199797 1.35388 
-1.45707 0.518704 1.25018 -1.47992 0.365362 1.31109 
-1.48342 0.655151 1.21051 -1.48947 0.51886 1.25512 
-1.44452 0.771843 1.10073 -1.48777 0.655283 1.18243 
-1.42387 0.868337 0.987393 -1.48568 0.77195 1.08909 
-1.4455 0.94591 0.879015 -1.4831 0.868422 0.971285 
-1.47993 1.00687 0.746583 -1.45901 0.945976 0.81435 
-1.47598 1.05392 0.564643 -1.45011 1.00692 0.640792 
-1.47103 1.08977 0.359542 -1.41675 1.05396 0.435236 
-1.46481 1.11668 0.138284 -1.38678 1.08977 0.218642 
-1.45695 1.13687 -0.0892767 -1.38277 1.1167 -0.00115271 
-1.447 1.15197 -0.3121 -1.39426 1.13691 -0.224456 
-1.43439 1.16326 -0.520091 -1.42787 1.15203 -0.450738 
-1.41744 1.1717 -0.705846 -1.40326 1.16333 -0.644775 
-1.39522 1.17802 -0.865441 -1.31149 1.17179 -0.773469 
-1.36623 1.18277 -0.998202 -1.3132 1.17813 -0.928886 
-1.20346 1.1865 -1.00183 -1.32841 1.18289 -1.08288 
-0.889956 1.18934 -0.828919 -1.27918 1.18652 -1.17535 
-0.704787 1.19152 -0.729803 -1.21544 1.18936 -1.24761 
-0.76572 1.19318 -0.885323 -1.13369 1.19153 -1.30349 
-0.815173 1.19447 -1.06905 -1.03025 1.19319 -1.34644 
-0.77951 1.17954 -1.19469 -0.90188 1.19448 -1.37935 
-0.676082 1.10405 -1.27347 -0.746583 1.18292 -1.40459 
-0.526372 0.748703 -1.32826 -0.564643 1.13579 -1.42397 
-0.342493 -0.126515 -1.37101 -0.359542 0.941255 -1.43891 
-0.133508 -0.825251 -1.40041 -0.138284 0.355656 -1.45049 
0.0872095 -1.07304 -1.29326 0.0892767 -0.452073 -1.45051 
0.306312 -1.14767 -0.789797 0.3121 -0.916902 -1.35151 
0.513295 -1.14763 0.374725 0.520091 -1.08754 -1.00106 
0.696077 -1.13977 1.1823 0.705846 -1.13977 -0.0984458 
0.861092 -1.13025 1.41835 0.865441 -1.13025 0.892843 
0.998202 -1.11867 1.47717 0.889896 -1.11867 1.18049 
1.10584 -1.10451 1.49086 0.810552 -1.10451 1.05981 
1.19145 -1.08711 1.49086 0.904407 -1.08711 1.12338 
1.25859 -1.06564 1.48946 1.08993 -1.06564 1.28987 
1.31077 -1.03907 1.48776 1.21515 -1.03907 1.37923 
1.35111 -1.00613 1.48567 1.31241 -1.00613 1.44312 
1.38224 -0.96527 1.4831 1.33752 -0.96527 1.43512 
1.40626 -0.914671 1.47993 1.30005 -0.914671 1.36813 
1.42484 -0.852272 1.47598 1.29991 -0.852272 1.34651 
1.43926 -0.775892 1.47103 1.31632 -0.775892 1.34529 
1.45051 -0.683461 1.46481 1.3389 -0.683461 1.35195 
1.35151 -0.573394 1.45695 1.22885 -0.573394 1.35206 
1.00106 -0.445111 1.447 0.733784 -0.445111 1.31896 
0.0984458 -0.299612 1.43439 -0.349698 -0.299612 1.32023 
-0.892843 -0.139936 1.41744 -1.10874 -0.139936 1.31024 
-1.32416 0.0287457 1.39522 -1.29524 0.0287457 1.26771 
-1.44591 0.199604 1.36623 -1.31883 0.199604 1.21978 
-1.47992 0.365185 1.32841 -1.33421 0.365185 1.18882 
-1.48947 0.518704 1.27918 -1.32154 0.518704 1.1339 
-1.48777 0.655151 1.21544 -1.34094 0.655151 1.09424 
-1.48568 0.771843 1.13369 -1.29646 0.771843 0.987918 
-1.4831 0.868337 1.03025 -1.33991 0.868337 0.929165 
-1.47992 0.94591 0.90188 -1.30554 0.94591 0.793904 
-1.47596 1.00687 0.746583 -1.24308 1.00687 0.627103 
-1.471 1.05392 0.564643 -1.20735 1.05392 0.461877 
-1.46474 1.08977 0.359542 -1.14052 1.08977 0.27876 
-1.45681 1.1167 0.138284 -1.07536 1.11668 0.101518 
-1.44673 1.13691 -0.0892767 -1.01765 1.13687 -0.0623582 
-1.43387 1.15203 -0.3121 -0.974943 1.15197 -0.210283 
-1.41744 1.16333 -0.520091 -0.923704 1.16326 -0.334923 
-1.39522 1.17179 -0.705846 -0.918135 1.1717 -0.457205 
-1.36622 1.17813 -0.865441 -0.888232 1.17802 -0.550961 
-1.32839 1.18289 -0.998202 -0.736 1.18277 -0.53774 
-1.27914 1.18652 -1.10584 -0.677522 1.1865 -0.564009 
-1.21539 1.18936 -1.19145 -0.718371 1.18934 -0.669102 
-1.13362 1.19153 -1.25859 -0.842476 1.19152 -0.872379 
-1.03015 1.19319 -1.31077 -0.934432 1.19318 -1.08039 
-0.901749 1.18289 -1.35111 -0.936962 1.19447 -1.22877 
-0.746418 1.13571 -1.38224 -0.872012 1.17954 -1.33646 
-0.564444 0.940941 -1.40626 -0.734807 1.10405 -1.38408 
-0.359314 0.35494 -1.42484 -0.559359 0.748703 -1.41151 
-0.138035 -0.452695 -1.43926 -0.357395 -0.126515 -1.43067 
0.0895322 -0.917171 -1.45051 -0.138094 -0.825251 -1.44852 
0.31235 -1.08765 -1.35151 0.0891381 -1.07304 -1.32186 
0.520286 -1.14763 -1.00099 0.3121 -1.14767 -0.804722 
0.705603 -1.13955 -0.0983834 0.520091 -1.14763 0.379686 
0.865616 -1.12971 0.892843 0.705428 -1.13977 1.19818 
0.991451 -1.11769 1.31501 0.865441 -1.13025 1.42551 
1.03871 -1.10289 1.35799 0.998202 -1.11867 1.47717 
1.06297 -1.08461 1.32023 1.10584 -1.10451 1.49086 
1.15826 -1.06192 1.37066 1.19145 -1.08711 1.49086 
1.11595 -1.03369 1.26659 1.25859 -1.06564 1.48946 
1.17172 -0.998473 1.28838 1.31077 -1.03907 1.48776 
1.34629 -0.954561 1.44449 1.35111 -1.00613 1.48567 
1.30588 -0.899923 1.37426 1.38224 -0.96527 1.4831 
1.29266 -0.83229 1.33903 1.40626 -0.914671 1.47993 
1.29011 -0.749312 1.31855 1.42484 -0.852272 1.47598 
1.29423 -0.648863 1.30692 1.43926 -0.775892 1.47103 
1.18036 -0.529518 1.2988 1.45051 -0.683461 1.46481 
0.723196 -0.391173 1.29988 1.35151 -0.573394 1.45695 
-0.339338 -0.235684 1.28228 1.00106 -0.445111 1.447 
-1.08123 -0.0672622 1.27842 0.0984458 -0.299612 1.43439 
-1.26128 0.107664 1.23449 -0.892843 -0.139936 1.41744 
-1.32324 0.281266 1.22386 -1.32416 0.0287457 1.39522 
-1.31381 0.44568 1.17063 -1.44591 0.199604 1.36623 
-1.31081 0.594431 1.12466 -1.47992 0.365185 1.32841 
-1.32472 0.723403 1.08096 -1.48947 0.518704 1.27918 
-1.28559 0.831079 0.979574 -1.48777 0.655151 1.21544 
-1.20945 0.918132 0.838619 -1.48568 0.771843 1.13369 
-1.16509 0.98669 0.708397 -1.4831 0.868337 1.03025 
-1.14576 1.03958 0.577877 -1.47992 0.94591 0.90188 
-1.13148 1.07976 0.432706 -1.47596 1.00687 0.746583 
-1.0992 1.10995 0.268495 -1.471 1.05392 0.564643 
-1.07395 1.13234 0.101208 -1.46474 1.08977 0.359542 
-0.994636 1.14898 -0.061128 -1.45681 1.1167 0.138284 
-0.898368 1.16132 -0.193959 -1.44673 1.13691 -0.0892767 
-0.889814 1.17047 -0.322896 -1.43387 1.15203 -0.3121 
-0.924984 1.17728 -0.460797 -1.41744 1.16333 -0.520091 
-0.940364 1.18236 -0.583491 -1.39522 1.17179 -0.705846 
-0.844215 1.18616 -0.616993 -1.36622 1.17813 -0.865441 
-0.790402 1.18914 -0.658178 -1.32839 1.18289 -0.998202 
-0.666591 1.19141 -0.621077 -1.27914 1.18652 -1.10584 
-0.707278 1.19314 -0.732657 -1.21539 1.18936 -1.19145 
-0.838783 1.19446 -0.970236 -1.13362 1.19153 -1.25859 
-0.894035 1.19447 -1.17313 -1.03015 1.19319 -1.31077 
-0.838713 1.18289 -1.28635 -0.901749 1.18289 -1.35111 
-0.708552 1.13571 -1.33591 -0.746418 1.13571 -1.38224 
-0.541299 0.940941 -1.3678 -0.564444 0.940941 -1.40626 
-0.347478 0.35494 -1.39407 -0.359314 0.35494 -1.42484 
-0.134114 -0.452695 -1.41489 -0.138035 -0.452695 -1.43926 
0.0881856 -0.917171 -1.29683 0.0895322 -0.917171 -1.45051 
0.308217 -1.08765 -0.793143 0.31235 -1.08765 -1.35151 
0.514166 -1.13982 0.374705 0.520322 -1.14763 -1.00106 
0.698362 -1.13031 1.18527 0.706051 -1.13955 -0.0984458 
0.865837 -1.11873 1.42549 0.857893 -1.12971 0.884878 
0.998512 -1.10458 1.47716 0.869888 -1.11769 1.15378 
1.10608 -1.08718 1.49086 0.779849 -1.10289 1.01956 
1.19163 -1.06573 1.49086 0.892545 -1.08461 1.10856 
1.25872 -1.03917 1.48946 1.0523 -1.06192 1.24527 
1.31087 -1.00625 1.48776 1.07225 -1.03369 1.21698 
1.32826 -0.965407 1.46046 1.35116 -0.998473 1.48568 
1.26016 -0.914827 1.35205 1.38227 -0.954561 1.4831 
1.4063 -0.852451 1.47992 1.37432 -0.899923 1.44628 
1.42487 -0.776095 1.47596 1.38107 -0.83229 1.43061 
1.43928 -0.683687 1.471 1.4024 -0.749312 1.43331 
1.35151 -0.573643 1.46474 1.42845 -0.648863 1.44245 
1.00106 -0.445378 1.45681 1.29772 -0.529518 1.42794 
0.0984458 -0.299891 1.44673 0.798318 -0.391173 1.43491 
-0.892843 -0.140217 1.43387 -0.371285 -0.235684 1.403 
-1.32416 0.0284728 1.4173 -1.17345 -0.0672622 1.38746 
-1.44591 0.19935 1.39504 -1.34635 0.107664 1.31776 
-1.47992 0.364959 1.36601 -1.40412 0.281266 1.29866 
-1.49086 0.518511 1.32814 -1.41407 0.44568 1.25996 
-1.48943 0.654993 1.27886 -1.37597 0.594431 1.18057 
-1.48767 0.771717 1.21506 -1.34137 0.723403 1.09455 
-1.48549 0.868241 1.13323 -1.33504 0.831079 1.01725 
-1.4828 0.945837 1.02971 -1.34287 0.918132 0.931135 
-1.47946 1.00681 0.901253 -1.35311 0.98669 0.822718 
-1.47528 1.05388 0.74588 -1.37265 1.03958 0.692315 
-1.47 1.08975 0.56388 -1.37637 1.07976 0.526358 
-1.46331 1.1167 0.358746 -1.38922 1.10995 0.339339 
-1.4548 1.13691 0.13749 -1.40355 1.13234 0.132269 
-1.44393 1.15203 -0.0900304 -1.39151 1.14898 -0.0855188 
-1.43005 1.16333 -0.312783 -1.39008 1.16132 -0.30012 
-1.41127 1.17179 -0.520683 -1.36013 1.17047 -0.493564 
-1.38647 1.17813 -0.706338 -1.28844 1.17728 -0.64186 
-1.35388 1.18289 -0.865837 -1.0798 1.18236 -0.670009 
-1.31109 1.1865 -0.998512 -0.993036 1.18616 -0.725758 
-1.25512 1.18934 -1.10608 -1.0459 1.18914 -0.87093 
-1.18243 1.19152 -1.19163 -1.15874 1.19141 -1.07962 
-1.08909 1.19318 -1.25872 -1.14415 1.19314 -1.1852 
-0.971285 1.19447 -1.31087 -1.0743 1.19446 -1.24266 
-0.826008 1.17954 -1.35119 -0.995697 1.19447 -1.30653 
-0.6522 1.10407 -1.3823 -0.874139 1.18289 -1.34069 
-0.451883 0.748795 -1.4063 -0.723181 1.13571 -1.36349 
-0.230918 -0.126355 -1.42487 -0.552781 0.940941 -1.39681 
0.0012143 -0.825165 -1.43928 -0.354047 0.35494 -1.42042 
0.232861 -1.07301 -1.35151 -0.136317 -0.452695 -1.43814 
0.452501 -1.14766 -1.00106 0.0897985 -0.917171 -1.32055 
0.650987 -1.14761 -0.0984458 0.312765 -1.08765 -0.804846 
0.822851 -1.13975 0.892843 0.517858 -1.13982 0.377395 
0.966398 -1.13023 1.32416 0.691972 -1.13031 1.17442 
1.08288 -1.11865 1.44591 0.805636 -1.11873 1.32638 
1.17535 -1.10448 1.47992 0.870113 -1.10458 1.28721 
1.24761 -1.08707 1.49086 1.00871 -1.08718 1.35961 
1.30349 -1.0656 1.48943 1.1228 -1.06573 1.40475 
1.34644 -1.03902 1.48767 1.15331 -1.03917 1.36473 
1.36233 -1.00607 1.46717 1.31087 -1.00625 1.48776 
1.40459 -0.965199 1.4828 1.31883 -0.965407 1.45009 
1.42397 -0.914586 1.47946 1.35372 -0.914827 1.45244 
1.43891 -0.852171 1.47528 1.39652 -0.852451 1.46963 
1.44866 -0.775773 1.46815 1.42487 -0.776095 1.47596 
1.43879 -0.683322 1.4515 1.43928 -0.683687 1.471 
1.35151 -0.573235 1.4548 1.34802 -0.573643 1.46097 
0.997876 -0.444934 1.43934 1.00106 -0.445378 1.45681 
0.0984458 -0.29942 1.43005 0.0981155 -0.299891 1.44187 
-0.892843 -0.139736 1.41127 -0.874541 -0.140217 1.40447 
-1.32416 0.0289465 1.38647 -1.30199 0.0284728 1.39357 
-1.44591 0.199797 1.35388 -1.39222 0.19935 1.34324 
-1.47992 0.365362 1.31109 -1.44943 0.364959 1.33787 
-1.48947 0.51886 1.25512 -1.46574 0.518511 1.30576 
-1.48777 0.655283 1.18243 -1.46887 0.654993 1.26121 
-1.48389 0.77195 1.08778 -1.48767 0.771717 1.21506 
-1.4831 0.868422 0.971285 -1.47215 0.868241 1.12304 
-1.4799 0.945976 0.826008 -1.46324 0.945837 1.01612 
-1.46612 1.00692 0.647868 -1.47946 1.00681 0.901253 
-1.37913 1.05396 0.42368 -1.47528 1.05388 0.74588 
-1.39111 1.08977 0.219325 -1.47 1.08975 0.56388 
-1.404 1.1167 -0.00117041 -1.46331 1.1167 0.358746 
-1.44647 1.13691 -0.232861 -1.42149 1.13691 0.134343 
-1.43345 1.15203 -0.452501 -1.16271 1.15203 -0.072496 
-1.41678 1.16333 -0.650987 -1.08489 1.16333 -0.237289 
-1.39522 1.17179 -0.822851 -1.07311 1.17179 -0.395921 
-1.36623 1.17813 -0.966398 -1.03922 1.17813 -0.529433 
-1.32841 1.18289 -1.08288 -0.951005 1.18289 -0.608191 
-1.27918 1.18652 -1.17535 -0.6693 1.1865 -0.50973 
-1.21544 1.18936 -1.24761 -0.633155 1.18934 -0.557969 
-1.13369 1.19153 -1.30349 -0.714127 1.19152 -0.719681 
-1.03025 1.19319 -1.34644 -0.834358 1.19318 -0.964308 
-0.90188 1.19448 -1.37935 -0.864796 1.19447 -1.16715 
-0.746583 1.18292 -1.40459 -0.816756 1.17954 -1.33605 
-0.564643 1.13579 -1.42397 -0.651739 1.10407 -1.38132 
-0.359542 0.941255 -1.43891 -0.451881 0.748795 -1.4063 
-0.137575 0.355656 -1.44305 -0.230918 -0.126355 -1.42487 
0.0887317 -0.452073 -1.44165 0.0012143 -0.825165 -1.43928 
0.310357 -0.916902 -1.34396 0.232861 -1.07301 -1.35151 
0.516618 -1.08754 -0.994378 0.452501 -1.14766 -1.00106 
0.701676 -1.13977 -0.0978642 0.650987 -1.14761 -0.0984458 
0.862827 -1.13025 0.890146 0.822851 -1.13975 0.892843 
0.996289 -1.11867 1.32162 0.966398 -1.13023 1.32416 
1.10452 -1.10451 1.44418 1.08288 -1.11865 1.44591 
1.19145 -1.08711 1.47992 1.17217 -1.10448 1.47592 
1.25859 -1.06564 1.48947 1.2365 -1.08707 1.47759 
1.31077 -1.03907 1.48777 1.27433 -1.0656 1.4561 
1.35111 -1.00613 1.48568 1.30639 -1.03902 1.44342 
1.38224 -0.96527 1.4831 1.37366 -1.00607 1.47937 
1.40626 -0.914671 1.4799 1.38604 -0.965199 1.46322 
1.42484 -0.852272 1.47592 1.40634 -0.914586 1.46115 
1.43926 -0.775892 1.47094 1.42267 -0.852171 1.45863 
1.45051 -0.683461 1.46464 1.43667 -0.775773 1.456 
1.32391 -0.573394 1.45665 1.43813 -0.683322 1.45082 
0.804722 -0.445111 1.44647 1.3425 -0.573235 1.4451 
-0.379686 -0.299612 1.43345 0.991557 -0.444934 1.43022 
-1.19889 -0.139936 1.41678 0.0971341 -0.29942 1.41099 
-1.42551 0.0287457 1.39522 -0.882094 -0.139736 1.39428 
-1.47717 0.199604 1.36623 -1.31517 0.0289465 1.37706 
-1.49086 0.365185 1.32841 -1.43741 0.199797 1.34592 
-1.49086 0.518704 1.27918 -1.46994 0.365362 1.30225 
-1.45729 0.655151 1.18919 -1.48947 0.51886 1.25512 
-1.35291 0.771843 1.03093 -1.48777 0.655283 1.18243 
-1.35384 0.868337 0.938829 -1.48568 0.77195 1.08909 
-1.35925 0.94591 0.826566 -1.4831 0.868422 0.971285 
-1.44519 1.00687 0.729059 -1.4799 0.945976 0.826008 
-1.34843 1.05392 0.51585 -1.47592 1.00692 0.6522 
-1.31966 1.08977 0.322545 -1.47094 1.05396 0.451883 
-1.30706 1.11668 0.123391 -1.46464 1.08977 0.230918 
-1.29659 1.13687 -0.0794503 -1.45665 1.1167 -0.0012143 
-1.31516 1.15197 -0.283664 -1.44647 1.13691 -0.232861 
-1.25407 1.16326 -0.454708 -1.43345 1.15203 -0.452501 
-1.17369 1.1717 -0.584466 -1.41678 1.16333 -0.650987 
-1.26406 1.17802 -0.784086 -1.39522 1.17179 -0.822851 
-1.22592 1.18277 -0.895687 -1.36623 1.17813 -0.966398 
-1.03744 1.1865 -0.863627 -1.32841 1.18289 -1.08288 
-0.948133 1.18934 -0.883105 -1.27918 1.18652 -1.17535 
-0.976074 1.19152 -1.01072 -1.21544 1.18936 -1.24761 
-1.0124 1.19318 -1.17053 -1.13369 1.19153 -1.30349 
-0.965485 1.19447 -1.26618 -1.03025 1.19319 -1.34644 
-0.859279 1.17954 -1.31695 -0.90188 1.19448 -1.37935 
-0.720485 1.10405 -1.3571 -0.746583 1.18292 -1.40459 
-0.549436 0.748703 -1.38646 -0.564643 1.13579 -1.42397 
-0.353624 -0.126515 -1.41557 -0.359542 0.941255 -1.43891 
-0.136471 -0.825251 -1.43149 -0.138284 0.355656 -1.45049 
0.0883174 -1.07304 -1.30969 0.0892767 -0.452073 -1.45051 
0.309502 -1.14767 -0.798021 0.3121 -0.916902 -1.35151 
0.516427 -1.14763 0.377011 0.520091 -1.08754 -1.00106 
0.700396 -1.13977 1.18963 0.705846 -1.13977 -0.0984458 
0.865441 -1.13025 1.42551 0.85839 -1.13025 0.885569 
0.998202 -1.11867 1.47717 0.905121 -1.11867 1.20068 
1.10584 -1.10451 1.49086 0.783803 -1.10451 1.02484 
1.19145 -1.08711 1.49086 0.865523 -1.08711 1.07509 
1.25859 -1.06564 1.48946 0.930936 -1.06564 1.10171 
1.31077 -1.03907 1.48776 1.04182 -1.03907 1.18251 
1.28137 -1.00613 1.40898 1.35111 -1.00613 1.48568 
1.26953 -0.96527 1.36216 1.38224 -0.96527 1.4831 
1.39642 -0.914671 1.46957 1.40626 -0.914671 1.4799 
1.42484 -0.852272 1.47598 1.41121 -0.852272 1.4618 
1.43926 -0.775892 1.47103 1.41111 -0.775892 1.44217 
1.45051 -0.683461 1.46481 1.44169 -0.683461 1.45574 
1.35151 -0.573394 1.45695 1.31361 -0.573394 1.44531 
1.00106 -0.445111 1.447 0.796335 -0.445111 1.43139 
0.0984458 -0.299612 1.43439 -0.378087 -0.299612 1.42741 
-0.892843 -0.139936 1.41744 -1.14233 -0.139936 1.34994 
-1.32416 0.0287457 1.39522 -1.34097 0.0287457 1.31247 
-1.44591 0.199604 1.36623 -1.38354 0.199604 1.27963 
-1.47992 0.365185 1.32841 -1.38823 0.365185 1.23696 
-1.48947 0.518704 1.27918 -1.36788 0.518704 1.17366 
-1.48777 0.655151 1.21544 -1.33405 0.655151 1.08863 
-1.48568 0.771843 1.13369 -1.35284 0.771843 1.03088 
-1.4831 0.868337 1.03025 -1.34161 0.868337 0.930344 
-1.47992 0.94591 0.90188 -1.25031 0.94591 0.760319 
-1.47596 1.00687 0.746583 -1.28799 1.00687 0.649759 
-1.471 1.05392 0.564643 -1.24082 1.05392 0.474683 
-1.46474 1.08977 0.359542 -1.19516 1.08977 0.292115 
-1.45681 1.1167 0.138284 -1.1279 1.11668 0.106478 
-1.44673 1.13691 -0.0892767 -1.06473 1.13687 -0.0652428 
-1.43387 1.15203 -0.3121 -1.02211 1.15197 -0.220456 
-1.41744 1.16333 -0.520091 -1.02473 1.16326 -0.371552 
-1.39522 1.17179 -0.705846 -1.03706 1.1717 -0.516428 
-1.36622 1.17813 -0.865441 -0.970203 1.17802 -0.601807 
-1.32839 1.18289 -0.998202 -0.792734 1.18277 -0.579192 
-1.27914 1.18652 -1.10584 -0.693577 1.1865 -0.577375 
-1.21539 1.18936 -1.19145 -0.790777 1.18934 -0.736542 
-1.13362 1.19153 -1.25859 -0.954701 1.19152 -0.988586 
-1.03015 1.19319 -1.31077 -1.03995 1.19318 -1.20239 
-0.901749 1.18289 -1.35111 -0.962885 1.19447 -1.26277 
-0.746418 1.13571 -1.38224 -0.854518 1.17954 -1.30965 
-0.564444 0.940941 -1.40626 -0.7134 1.10405 -1.34376 
-0.359314 0.35494 -1.42484 -0.543182 0.748703 -1.37068 
-0.138035 -0.452695 -1.43926 -0.347802 -0.126515 -1.39226 
0.0895322 -0.917171 -1.45051 -0.13434 -0.825251 -1.40914 
0.31235 -1.08765 -1.35151 0.0870268 -1.07304 -1.29055 
0.520322 -1.14763 -1.00106 0.30534 -1.14767 -0.78729 
0.706051 -1.13955 -0.0984458 0.509375 -1.14763 0.371863 
0.865616 -1.12971 0.892843 0.693026 -1.13977 1.17712 
0.998347 -1.11769 1.32416 0.856768 -1.13025 1.41123 
1.05262 -1.10289 1.37617 0.998202 -1.11867 1.47717 
1.0938 -1.08461 1.35853 1.10584 -1.10451 1.49086 
1.20558 -1.06192 1.42665 1.19145 -1.08711 1.49086 
1.26634 -1.03369 1.43728 1.25859 -1.06564 1.48946 
1.34445 -0.998473 1.47831 1.31077 -1.03907 1.48776 
