0 0 0 0 0 0 0 0 0 0 0 0 0 
0 0 0 0.3575 0.802071 -0.9114 0 0 0 0 0 0 0 
0 0 0 0.3575 0.802071 -0.9114 0 0 0 0 0 0 0 
0 0 0 0.3575 0.802071 -0.9114 0 0 0 0 0 0 0 
0 0 0 0.3575 0.802071 -0.9114 0 0 0 0 0 0 0 
0 0 0 0.3575 0.802071 -0.9114 0 0 0 0 0 0 0 
0 0 0 0.3575 0.802071 -0.9114 0 0 0 0 0 0 0 
0 0 0 0.3575 0.802071 -0.9114 0 0 0 0 0 0 0 
0 0 0 0.3575 0.802071 -0.9114 0 0 0 0 0 0 0 
0 0 0 0.3575 0.802071 -0.9114 0 0 0 0 0 0 0 
0 0 0 0.3575 0.802071 -0.9114 0 0 0 0 0 0 0 
0 0 0 0.3575 0.802071 -0.9114 0 0 0 0 0 0 0 
0 0 0 0.3575 0.802071 -0.9114 0 0 0 0 0 0 0 
0 0 0 0.3575 0.802071 -0.9114 0 0 0 0 0 0 0 
0 0 0 0.3575 0.802071 -0.9114 0 0 0 0 0 0 0 
0 0 0 0.3575 0.802071 -0.9114 0 0 0 0 0 0 0 
0 0 0 0.3575 0.802071 -0.9114 0 0 0 0 0 0 0 
0 0 0 0.3575 0.802071 -0.9114 0 0 0 0 0 0 0 
0 0 0 0.3575 0.802071 -0.9114 0 0 0 0 0 0 0 
0 0 0 0.3575 0.802071 -0.9114 0 0 0 0 0 0 0 
0 0 0 0.3575 0.802071 -0.9114 0 0 0 0 0 0 0 
0 0 0 0.3575 0.802071 -0.9114 0 0 0 0 0 0 0 
0 0 0 0.3575 0.802071 -0.9114 0 0 0 0 0 0 0 
0 0 0 0.3575 0.802071 -0.9114 0 0 0 0 0 0 0 
0 0 0 0.3575 0.802071 -0.9114 0 0 0 0 0 0 0 
0 0 0 0.3575 0.802071 -0.9114 0 0 0 0 0 0 0 
0 0 0 0.3575 0.802071 -0.9114 0 0 0 0 0 0 0 
0 0 0 0.3575 0.802071 -0.9114 0 0 0 0 0 0 0 
0 0 0 0.3575 0.802071 -0.9114 0 0 0 0 0 0 0 
0 0 0 0.3575 0.802071 -0.9114 0 0 0 0 0 0 0 
0 0 0 0.3575 0.802071 -0.9114 0 0 0 0 0 0 0 
0 0 0 0.3575 0.802071 -0.9114 0 0 0 0 0 0 0 
0 0 0 0.3575 0.802071 -0.9114 0 0 0 0 0 0 0 
0 0 0 0.3575 0.802071 -1.04778 0 0 0 0 0 0 0 
0 0 0 0.3575 0.802071 -0.774914 -0.999882 0 0 0 0 0 0 
0 0 0 -0.00942046 0.5985 -0.785381 0.99926 0 0 0 0 0 0 
0 0 0 0.724576 1.00549 -1.04341 0.54439 0 0 0 0 0 0 
0 0 0 0.640965 0.5985 -1.04341 -0.995485 0 0 0 0 0 0 
0 0 0 0.00138624 0.5985 -1.04341 -0.995485 0 0 0 0 0 0 
0 0 0 0.00138624 0.599419 -1.04341 -0.995485 0 0 0 0 0 0 
0 0 0 0.00138624 0.599419 -1.04341 -0.995485 0 0 0 0 0 0 
0 0 0 0.00138624 0.599419 -1.04341 -0.995485 0 0 0 0 0 0 
0 0 0 0.00138624 0.599419 -1.04341 -0.995485 0 0 0 0 0 0 
0 0 0 0.00138624 0.599419 -1.04341 -0.995485 0 0 0 0 0 0 
0 0 0 0.00138624 0.599419 -1.04341 -0.995485 0 0 0 0 0 0 
0 0 0 0.00138624 0.599419 -1.04341 -0.995485 0 0 0 0 0 0 
0 0 0 0.00138624 0.599419 -1.04341 -0.995485 0 0 0 0 0 0 
0 0 0 0.00138624 0.599419 -1.04341 -0.995485 0 0 0 0 0 0 
0 0 0 0.00138624 0.599419 -1.04341 -0.995485 0 0 0 0 0 0 
0 0 0 0.00138624 0.599419 -1.04341 -0.995485 0 0 0 0 0 0 
0 0 0 0.00138624 0.599419 -1.04341 -0.995485 0 0 0 0 0 0 
0 0 0 0.00138624 0.599419 -1.04341 -0.995485 0 0 0 0 0 0 
0 0 0 0.00138624 0.599419 -1.04341 -0.995485 0 0 0 0 0 0 
0 0 0 0.00138624 0.599419 -1.04341 -0.995485 0 0 0 0 0 0 
0 0 0 0.00138624 0.599419 -1.04341 -0.995485 0 0 0 0 0 0 
0 0 0 0.00138624 0.599419 -1.04341 -0.995485 0 0 0 0 0 0 
0 0 0 0.00138624 0.599419 -1.04341 -0.995485 0 0 0 0 0 0 
0 0 0 0.00138624 0.599419 -1.04341 -0.995485 0 0 0 0 0 0 
0 0 0 0.00138624 0.599419 -1.04341 -0.995485 0 0 0 0 0 0 
0 0 0 0.00138624 0.599419 -1.04341 -0.995485 0 0 0 0 0 0 
0 0 0 0.00138624 0.599419 -1.04341 -0.995485 0 0 0 0 0 0 
0 0 0 0.00138624 0.599419 -1.04341 -0.995485 0 0 0 0 0 0 
0 0 0 0.00138624 0.599419 -1.04341 -0.995485 0 0 0 0 0 0 
0 0 0 0.00138624 0.599419 -1.04341 -0.995485 0 0 0 0 0 0 
0 0 0 0.00138624 0.599419 -1.04341 -0.995485 0 0 0 0 0 0 
0 0 0 0.00138624 0.599419 -1.04341 -0.995485 0 0 0 0 0 0 
0 0 0 0.00138624 0.599419 -1.04341 -0.995485 0 0 0 0 0 0 
0 0 0 0.00138624 0.599419 -0.775732 -0.995485 0 0 0 0 0 0 
0 0 0 0.00138624 0.599419 -0.775732 0.955806 0 0 0 0 0 0 
0 0 0 0.711202 0.996646 -0.775732 0.955806 0 0 0 0 0 0 
0 0 0 0.711202 0.996646 -0.775732 0.955806 0 0 0 0 0 0 
0 0 0 0.711202 0.996646 -0.775733 0.955806 0 0 0 0 0 0 
0 0 0 0.711202 0.996646 -0.775733 0.955806 0 0 0 0 0 0 
0 0 0 0.711202 0.996646 -0.776386 0.955806 0 0 0 0 0 0 
0 0 0 0.711202 0.996646 -0.778557 0.955806 0 0 0 0 0 0 
0 0 0 0.711202 0.996646 -0.781608 0.947352 0 0 0 0 0 0 
0 0 0 0.709512 0.5985 -0.776375 0.936603 0 0 0 0 0 0 
0 0 0 0.707456 0.5985 -0.776729 0.922825 0 0 0 0 0 0 
0 0 0 0.704932 0.5985 -0.777132 0.905034 0 0 0 0 0 0 
0 0 0 0.701796 0.5985 -0.77774 0.885176 0 0 0 0 0 0 
0 0 0 0.698404 0.5985 -0.778561 0.855852 0 0 0 0 0 0 
0 0 0 0.69352 0.5985 -0.77968 0.817468 0 0 0 0 0 0 
0 0 0 0.687234 0.5985 -0.781219 0.767273 0 0 0 0 0 0 
0 0 0 0.679052 0.5985 -0.783573 0.702003 0 0 0 0 0 0 
0 0 0 0.668292 0.5985 -0.786311 0.618132 0 0 0 0 0 0 
0 0 0 0.654041 0.5985 -0.792763 0.512478 0 0 0 0 0 0 
0 0 0 0.635119 0.5985 -0.806516 0.383256 0 0 0 0 0 0 
0 0 0 0.610113 0.5985 -0.80868 0.230633 0 0 0 0 0 0 
0 0 0 0.577342 0.5985 -0.818216 0.0604124 0 0 0 0 0 0 
0 0 0 0.535714 0.5985 -0.831377 -0.118056 0 0 0 0 0 0 
0 0 0 0.484875 0.5985 -0.848957 -0.29286 0 0 0 0 0 0 
0 0 0 0.425927 0.5985 -0.870575 -0.452574 0 0 0 0 0 0 
0 0 0 0.361716 0.5985 -0.893867 -0.58919 0 0 0 0 0 0 
0 0 0 0.296466 0.5985 -0.918793 -0.699442 0 0 0 0 0 0 
0 0 0 0.234777 0.5985 -0.942582 -0.784235 0 0 0 0 0 0 
0 0 0 0.180389 0.5985 -0.964193 -0.847051 0 0 0 0 0 0 
0 0 0 0.135352 0.5985 -0.98247 -0.892328 0 0 0 0 0 0 
0 0 0 0.0999156 0.5985 -0.997078 -0.924356 0 0 0 0 0 0 
0 0 0 0.0730486 0.5985 -1.00831 -0.946751 0 0 0 0 0 0 
0 0 0 0.0531382 0.5985 -1.01701 -0.962317 0 0 0 0 0 0 
0 0 0 0.0385335 0.5985 -1.02335 -0.973122 0 0 0 0 0 0 
0 0 0 0.0278254 0.5985 -1.02988 -0.980637 0 0 0 0 0 0 
0 0 0 0.0199243 0.5985 -1.03521 -0.98589 0 0 0 0 0 0 
0 0 0 0.014032 0.5985 -1.0359 -0.989586 0 0 0 0 0 0 
0 0 0 0.00958111 0.5985 -1.03936 -0.992209 0 0 0 0 0 0 
0 0 0 0.00617229 0.5985 -1.0416 -0.994089 0 0 0 0 0 0 
0 0 0 0.00352523 0.5985 -1.04235 -0.99545 0 0 0 0 0 0 
0 0 0 0.00144239 0.5985 -1.04333 -0.995452 0 0 0 0 0 0 
0 0 0 0.00143962 0.5985 -1.04338 -0.995455 0 0 0 0 0 0 
0 0 0 0.00143778 0.5985 -1.04339 -0.995457 0 0 0 0 0 0 
0 0 0 0.00143098 0.5985 -1.04339 -0.995459 0 0 0 0 0 0 
0 0 0 0.00142761 0.5985 -1.04339 -0.995461 0 0 0 0 0 0 
0 0 0 0.0014244 0.5985 -1.04339 -0.995463 0 0 0 0 0 0 
0 0 0 0.00142134 0.5985 -1.04339 -0.995465 0 0 0 0 0 0 
0 0 0 0.00141842 0.5985 -1.03186 -0.995466 0 0 0 0 0 0 
0 0 0 0.00141563 0.5985 -0.983874 -0.983249 0 0 0 0 0 0 
0 0 0 0.017044 0.60191 -0.876787 -0.921477 0 0 0 0 0 0 
0 0 0 0.0755343 0.614485 -0.802596 -0.629608 0 0 0 0 0 0 
0 0 0 0.274906 0.673901 -0.783478 0.0967304 0 0 0 0 0 0 
0 0 0 0.545098 0.821763 -0.776976 0.683544 0 0 0 0 0 0 
0 0 0 0.665175 0.941221 -0.775731 0.892821 0 0 0 0 0 0 
0 0 0 0.699694 0.983824 -0.775731 0.955887 0 0 0 0 0 0 
0 0 0 0.711216 0.996663 -0.775858 0.955875 0 0 0 0 0 0 
0 0 0 0.711214 0.5985 -0.776013 0.949275 0 0 0 0 0 0 
0 0 0 0.709887 0.5985 -0.776203 0.941285 0 0 0 0 0 0 
0 0 0 0.708336 0.5985 -0.776437 0.931564 0 0 0 0 0 0 
0 0 0 0.706517 0.5985 -0.776727 0.919677 0 0 0 0 0 0 
0 0 0 0.704364 0.5985 -0.777087 0.905152 0 0 0 0 0 0 
0 0 0 0.70181 0.5985 -0.777539 0.887364 0 0 0 0 0 0 
0 0 0 0.698766 0.5985 -0.778109 0.865453 0 0 0 0 0 0 
0 0 0 0.695099 0.5985 -0.77883 0.838441 0 0 0 0 0 0 
0 0 0 0.69065 0.5985 -0.779748 0.805167 0 0 0 0 0 0 
0 0 0 0.685219 0.5985 -0.780918 0.76431 0 0 0 0 0 0 
0 0 0 0.678556 0.5985 -0.782426 0.714438 0 0 0 0 0 0 
0 0 0 0.670347 0.5985 -0.784451 0.653612 0 0 0 0 0 0 
0 0 0 0.660132 0.5985 -0.787093 0.577429 0 0 0 0 0 0 
0 0 0 0.646889 0.5985 -0.790539 0.4865 0 0 0 0 0 0 
0 0 0 0.630259 0.5985 -0.795024 0.380254 0 0 0 0 0 0 
0 0 0 0.609498 0.5985 -0.80083 0.259428 0 0 0 0 0 0 
0 0 0 0.583822 0.5985 -0.808276 0.126462 0 0 0 0 0 0 
0 0 0 0.552574 0.5985 -0.817697 -0.0143886 0 0 0 0 0 0 
0 0 0 0.515405 0.5985 -0.829386 -0.15743 0 0 0 0 0 0 
0 0 0 0.472474 0.5985 -0.843525 -0.29638 0 0 0 0 0 0 
0 0 0 0.424629 0.5985 -0.860087 -0.425468 0 0 0 0 0 0 
0 0 0 0.373439 0.5985 -0.878754 -0.540386 0 0 0 0 0 0 
0 0 0 0.321047 0.5985 -0.898888 -0.638781 0 0 0 0 0 0 
0 0 0 0.269849 0.5985 -0.91957 -0.72021 0 0 0 0 0 0 
0 0 0 0.222069 0.5985 -0.939576 -0.785699 0 0 0 0 0 0 
0 0 0 0.179389 0.5985 -0.958127 -0.837167 0 0 0 0 0 0 
0 0 0 0.142742 0.5985 -0.975256 -0.876895 0 0 0 0 0 0 
0 0 0 0.112304 0.5985 -0.986995 -0.907155 0 0 0 0 0 0 
0 0 0 0.0876854 0.5985 -1.00033 -0.929987 0 0 0 0 0 0 
0 0 0 0.0681456 0.5985 -1.00953 -0.947109 0 0 0 0 0 0 
0 0 0 0.0528101 0.5985 -1.01638 -0.959907 0 0 0 0 0 0 
0 0 0 0.040848 0.5985 -1.02119 -0.969463 0 0 0 0 0 0 
0 0 0 0.0315207 0.5985 -1.02603 -0.976604 0 0 0 0 0 0 
0 0 0 0.0242249 0.5985 -1.0277 -0.981952 0 0 0 0 0 0 
0 0 0 0.0184853 0.5985 -1.03053 -0.985972 0 0 0 0 0 0 
0 0 0 0.0139363 0.5985 -1.03015 -0.989007 0 0 0 0 0 0 
0 0 0 0.0103005 0.5985 -1.02938 -0.991312 0 0 0 0 0 0 
0 0 0 0.007369 0.5985 -1.02803 -0.993072 0 0 0 0 0 0 
0 0 0 0.0049842 0.5985 -1.01862 -0.994424 0 0 0 0 0 0 
0 0 0 0.00302716 0.5985 -0.990724 -0.986003 0 0 0 0 0 0 
0 0 0 0.0138997 0.601349 -0.919202 -0.947423 0 0 0 0 0 0 
0 0 0 0.0525222 0.609203 -0.842174 -0.787845 0 0 0 0 0 0 
0 0 0 0.177918 0.641689 -0.805379 -0.304321 0 0 0 0 0 0 
0 0 0 0.421683 0.74012 -0.791675 0.369799 0 0 0 0 0 0 
0 0 0 0.607375 0.877352 -0.791048 0.761074 0 0 0 0 0 0 
0 0 0 0.678038 0.957004 -0.79076 0.905152 0 0 0 0 0 0 
0 0 0 0.701817 0.986334 -0.788531 0.955846 0 0 0 0 0 0 
0 0 0 0.711211 0.996654 -0.789916 0.949055 0 0 0 0 0 0 
0 0 0 0.709846 0.5985 -0.791255 0.940794 0 0 0 0 0 0 
0 0 0 0.708247 0.5985 -0.792784 0.930689 0 0 0 0 0 0 
0 0 0 0.70636 0.5985 -0.794326 0.918264 0 0 0 0 0 0 
0 0 0 0.704117 0.5985 -0.79568 0.903074 0 0 0 0 0 0 
0 0 0 0.701457 0.5985 -0.796185 0.884313 0 0 0 0 0 0 
0 0 0 0.698259 0.5985 -0.79536 0.861099 0 0 0 0 0 0 
0 0 0 0.694386 0.5985 -0.795455 0.832369 0 0 0 0 0 0 
0 0 0 0.689666 0.5985 -0.796484 0.796886 0 0 0 0 0 0 
0 0 0 0.683881 0.5985 -0.79847 0.75327 0 0 0 0 0 0 
0 0 0 0.67676 0.5985 -0.800039 0.7001 0 0 0 0 0 0 
0 0 0 0.667973 0.5985 -0.802371 0.632384 0 0 0 0 0 0 
0 0 0 0.656502 0.5985 -0.804469 0.549623 0 0 0 0 0 0 
0 0 0 0.64191 0.5985 -0.80777 0.451029 0 0 0 0 0 0 
0 0 0 0.623496 0.5985 -0.812021 0.336409 0 0 0 0 0 0 
0 0 0 0.600452 0.5985 -0.817619 0.207191 0 0 0 0 0 0 
0 0 0 0.571944 0.5985 -0.824899 0.0667882 0 0 0 0 0 0 
0 0 0 0.537374 0.5985 -0.833578 -0.0794819 0 0 0 0 0 0 
0 0 0 0.496568 0.5985 -0.845571 -0.225059 0 0 0 0 0 0 
0 0 0 0.450019 0.5985 -0.859132 -0.363276 0 0 0 0 0 0 
0 0 0 0.399002 0.5985 -0.876197 -0.488585 0 0 0 0 0 0 
0 0 0 0.345558 0.5985 -0.89326 -0.597404 0 0 0 0 0 0 
0 0 0 0.29219 0.5985 -0.911498 -0.688354 0 0 0 0 0 0 
0 0 0 0.24144 0.5985 -0.930426 -0.761934 0 0 0 0 0 0 
0 0 0 0.195411 0.5985 -0.948663 -0.819898 0 0 0 0 0 0 
0 0 0 0.155443 0.5985 -0.964987 -0.864617 0 0 0 0 0 0 
0 0 0 0.122002 0.5985 -0.979104 -0.898582 0 0 0 0 0 0 
0 0 0 0.0948695 0.5985 -0.991076 -0.92409 0 0 0 0 0 0 
0 0 0 0.0733621 0.5985 -1.00066 -0.943107 0 0 0 0 0 0 
0 0 0 0.0565052 0.5985 -1.00853 -0.957223 0 0 0 0 0 0 
0 0 0 0.0434277 0.5985 -1.01437 -0.967685 0 0 0 0 0 0 
0 0 0 0.0333192 0.5985 -1.01915 -0.975442 0 0 0 0 0 0 
0 0 0 0.0254648 0.5985 -1.02279 -0.981206 0 0 0 0 0 0 
0 0 0 0.0193236 0.5985 -1.02642 -0.985503 0 0 0 0 0 0 
0 0 0 0.0144995 0.5985 -1.02996 -0.988723 0 0 0 0 0 0 
0 0 0 0.0106705 0.5985 -1.02937 -0.991148 0 0 0 0 0 0 
0 0 0 0.00760379 0.5985 -1.02925 -0.992986 0 0 0 0 0 0 
0 0 0 0.0051242 0.5985 -1.03097 -0.994389 0 0 0 0 0 0 
0 0 0 0.00310042 0.5985 -1.03265 -0.995468 0 0 0 0 0 0 
0 0 0 0.00143249 0.5985 -1.02706 -0.99547 0 0 0 0 0 0 
0 0 0 0.00142725 0.5985 -0.996033 -0.986003 0 0 0 0 0 0 
0 0 0 0.0139258 0.601349 -0.919674 -0.947423 0 0 0 0 0 0 
0 0 0 0.0525743 0.609203 -0.836613 -0.787845 0 0 0 0 0 0 
0 0 0 0.177996 0.641689 -0.802423 -0.304321 0 0 0 0 0 0 
0 0 0 0.421648 0.74012 -0.796637 0.369799 0 0 0 0 0 0 
0 0 0 0.607293 0.877352 -0.7935 0.761074 0 0 0 0 0 0 
0 0 0 0.677991 0.957004 -0.793041 0.905152 0 0 0 0 0 0 
0 0 0 0.701788 0.986334 -0.79335 0.949254 0 0 0 0 0 0 
0 0 0 0.709865 0.995312 -0.793525 0.941261 0 0 0 0 0 0 
0 0 0 0.708314 0.5985 -0.794292 0.931535 0 0 0 0 0 0 
0 0 0 0.706493 0.5985 -0.794779 0.919643 0 0 0 0 0 0 
0 0 0 0.70434 0.5985 -0.795392 0.905034 0 0 0 0 0 0 
0 0 0 0.701771 0.5985 -0.795996 0.887184 0 0 0 0 0 0 
0 0 0 0.698717 0.5985 -0.795885 0.865176 0 0 0 0 0 0 
0 0 0 0.695021 0.5985 -0.794803 0.838012 0 0 0 0 0 0 
0 0 0 0.690549 0.5985 -0.796028 0.804505 0 0 0 0 0 0 
0 0 0 0.685091 0.5985 -0.796585 0.76329 0 0 0 0 0 0 
0 0 0 0.678371 0.5985 -0.7978 0.712875 0 0 0 0 0 0 
0 0 0 0.67007 0.5985 -0.799466 0.651759 0 0 0 0 0 0 
0 0 0 0.659791 0.5985 -0.800626 0.578015 0 0 0 0 0 0 
0 0 0 0.64696 0.5985 -0.803094 0.487146 0 0 0 0 0 0 
0 0 0 0.630351 0.5985 -0.806942 0.38095 0 0 0 0 0 0 
0 0 0 0.609602 0.5985 -0.81221 0.260156 0 0 0 0 0 0 
0 0 0 0.583944 0.5985 -0.81775 0.127199 0 0 0 0 0 0 
0 0 0 0.552715 0.5985 -0.825399 -0.0136714 0 0 0 0 0 0 
0 0 0 0.515567 0.5985 -0.836593 -0.156761 0 0 0 0 0 0 
0 0 0 0.472658 0.5985 -0.850211 -0.295783 0 0 0 0 0 0 
0 0 0 0.424832 0.5985 -0.864955 -0.424957 0 0 0 0 0 0 
0 0 0 0.373652 0.5985 -0.882208 -0.539966 0 0 0 0 0 0 
0 0 0 0.321263 0.5985 -0.900154 -0.638448 0 0 0 0 0 0 
0 0 0 0.270063 0.5985 -0.918756 -0.719954 0 0 0 0 0 0 
0 0 0 0.222266 0.5985 -0.937333 -0.785506 0 0 0 0 0 0 
0 0 0 0.179556 0.5985 -0.954484 -0.837024 0 0 0 0 0 0 
0 0 0 0.142869 0.5985 -0.969906 -0.876791 0 0 0 0 0 0 
0 0 0 0.112415 0.5985 -0.983926 -0.90708 0 0 0 0 0 0 
0 0 0 0.0877775 0.5985 -0.991638 -0.929933 0 0 0 0 0 0 
0 0 0 0.0682178 0.5985 -1.00301 -0.947071 0 0 0 0 0 0 
0 0 0 0.0528785 0.5985 -1.00932 -0.95988 0 0 0 0 0 0 
0 0 0 0.0409211 0.5985 -1.01515 -0.969444 0 0 0 0 0 0 
0 0 0 0.0315792 0.5985 -1.01954 -0.97659 0 0 0 0 0 0 
0 0 0 0.0242746 0.5985 -1.02291 -0.981942 0 0 0 0 0 0 
0 0 0 0.0185277 0.5985 -1.02555 -0.985965 0 0 0 0 0 0 
0 0 0 0.0139724 0.5985 -1.02799 -0.989002 0 0 0 0 0 0 
0 0 0 0.0103331 0.5985 -1.02959 -0.991308 0 0 0 0 0 0 
0 0 0 0.00739812 0.5985 -1.03205 -0.993069 0 0 0 0 0 0 
0 0 0 0.00501068 0.5985 -1.03286 -0.994422 0 0 0 0 0 0 
0 0 0 0.00305136 0.5985 -1.02264 -0.99547 0 0 0 0 0 0 
0 0 0 0.00142839 0.5985 -0.978997 -0.983263 0 0 0 0 0 0 
0 0 0 0.017055 0.601907 -0.879322 -0.921548 0 0 0 0 0 0 
0 0 0 0.0755335 0.614471 -0.810266 -0.629901 0 0 0 0 0 0 
0 0 0 0.274782 0.673842 -0.788422 0.096263 0 0 0 0 0 0 
0 0 0 0.54492 0.821668 -0.783606 0.683311 0 0 0 0 0 0 
0 0 0 0.665119 0.941174 -0.787319 0.892741 0 0 0 0 0 0 
0 0 0 0.699664 0.983808 -0.789627 0.955857 0 0 0 0 0 0 
0 0 0 0.7112 0.996657 -0.788318 0.955846 0 0 0 0 0 0 
0 0 0 0.711197 0.5985 -0.787842 0.949241 0 0 0 0 0 0 
0 0 0 0.709869 0.5985 -0.787905 0.941247 0 0 0 0 0 0 
0 0 0 0.708321 0.5985 -0.787934 0.931519 0 0 0 0 0 0 
0 0 0 0.706501 0.5985 -0.787905 0.919625 0 0 0 0 0 0 
0 0 0 0.704345 0.5985 -0.787094 0.905171 0 0 0 0 0 0 
0 0 0 0.701802 0.5985 -0.786171 0.887424 0 0 0 0 0 0 
0 0 0 0.698766 0.5985 -0.785273 0.865595 0 0 0 0 0 0 
0 0 0 0.695107 0.5985 -0.786938 0.838737 0 0 0 0 0 0 
0 0 0 0.690682 0.5985 -0.788511 0.80575 0 0 0 0 0 0 
0 0 0 0.685301 0.5985 -0.788442 0.765406 0 0 0 0 0 0 
0 0 0 0.678723 0.5985 -0.790477 0.716432 0 0 0 0 0 0 
0 0 0 0.670663 0.5985 -0.792747 0.654134 0 0 0 0 0 0 
0 0 0 0.660199 0.5985 -0.795631 0.578015 0 0 0 0 0 0 
0 0 0 0.64697 0.5985 -0.798905 0.487146 0 0 0 0 0 0 
0 0 0 0.630334 0.5985 -0.803085 0.38095 0 0 0 0 0 0 
0 0 0 0.609605 0.5985 -0.808452 0.260156 0 0 0 0 0 0 
0 0 0 0.58394 0.5985 -0.816354 0.127199 0 0 0 0 0 0 
0 0 0 0.552714 0.5985 -0.824324 -0.0136714 0 0 0 0 0 0 
0 0 0 0.515566 0.5985 -0.835452 -0.156761 0 0 0 0 0 0 
0 0 0 0.472657 0.5985 -0.848799 -0.295783 0 0 0 0 0 0 
0 0 0 0.42483 0.5985 -0.864323 -0.424957 0 0 0 0 0 0 
0 0 0 0.373651 0.5985 -0.881712 -0.539966 0 0 0 0 0 0 
0 0 0 0.321263 0.5985 -0.900165 -0.638448 0 0 0 0 0 0 
0 0 0 0.270054 0.5985 -0.91882 -0.719954 0 0 0 0 0 0 
0 0 0 0.222258 0.5985 -0.937194 -0.785506 0 0 0 0 0 0 
0 0 0 0.179553 0.5985 -0.95433 -0.837024 0 0 0 0 0 0 
0 0 0 0.142879 0.5985 -0.969543 -0.876791 0 0 0 0 0 0 
0 0 0 0.112416 0.5985 -0.982481 -0.90708 0 0 0 0 0 0 
0 0 0 0.0877756 0.5985 -0.993533 -0.929933 0 0 0 0 0 0 
0 0 0 0.0682052 0.5985 -1.00205 -0.947071 0 0 0 0 0 0 
0 0 0 0.0528583 0.5985 -1.0088 -0.95988 0 0 0 0 0 0 
0 0 0 0.0408986 0.5985 -1.01414 -0.969444 0 0 0 0 0 0 
0 0 0 0.0315683 0.5985 -1.01835 -0.97659 0 0 0 0 0 0 
0 0 0 0.0242603 0.5985 -1.02109 -0.981942 0 0 0 0 0 0 
0 0 0 0.0185132 0.5985 -1.0244 -0.985965 0 0 0 0 0 0 
0 0 0 0.0139594 0.5985 -1.02595 -0.989002 0 0 0 0 0 0 
0 0 0 0.0103198 0.5985 -1.02434 -0.991308 0 0 0 0 0 0 
0 0 0 0.00738512 0.5985 -1.02435 -0.993069 0 0 0 0 0 0 
0 0 0 0.00499678 0.5985 -1.02473 -0.994422 0 0 0 0 0 0 
0 0 0 0.00303678 0.5985 -1.01966 -0.99547 0 0 0 0 0 0 
0 0 0 0.00141482 0.5985 -0.990697 -0.986003 0 0 0 0 0 0 
0 0 0 0.0139086 0.601349 -0.919237 -0.947423 0 0 0 0 0 0 
0 0 0 0.0525419 0.609203 -0.840135 -0.787845 0 0 0 0 0 0 
0 0 0 0.17794 0.641689 -0.809165 -0.304321 0 0 0 0 0 0 
0 0 0 0.421672 0.74012 -0.799267 0.369799 0 0 0 0 0 0 
0 0 0 0.607348 0.877352 -0.795426 0.761074 0 0 0 0 0 0 
0 0 0 0.678021 0.957004 -0.796086 0.905152 0 0 0 0 0 0 
0 0 0 0.701806 0.986334 -0.797168 0.949254 0 0 0 0 0 0 
0 0 0 0.709877 0.995312 -0.797965 0.941261 0 0 0 0 0 0 
0 0 0 0.708327 0.5985 -0.798739 0.931535 0 0 0 0 0 0 
0 0 0 0.706505 0.5985 -0.799734 0.919643 0 0 0 0 0 0 
0 0 0 0.704352 0.5985 -0.80057 0.905152 0 0 0 0 0 0 
0 0 0 0.701805 0.5985 -0.802131 0.887364 0 0 0 0 0 0 
0 0 0 0.69876 0.5985 -0.802889 0.865453 0 0 0 0 0 0 
0 0 0 0.695091 0.5985 -0.803438 0.838441 0 0 0 0 0 0 
0 0 0 0.690638 0.5985 -0.80417 0.805167 0 0 0 0 0 0 
0 0 0 0.685201 0.5985 -0.806218 0.76431 0 0 0 0 0 0 
0 0 0 0.678544 0.5985 -0.806943 0.714438 0 0 0 0 0 0 
0 0 0 0.670331 0.5985 -0.808279 0.654134 0 0 0 0 0 0 
0 0 0 0.660197 0.5985 -0.809194 0.577999 0 0 0 0 0 0 
0 0 0 0.646958 0.5985 -0.811357 0.487112 0 0 0 0 0 0 
0 0 0 0.630342 0.5985 -0.814788 0.380895 0 0 0 0 0 0 
0 0 0 0.60959 0.5985 -0.819386 0.26008 0 0 0 0 0 0 
0 0 0 0.583921 0.5985 -0.824457 0.127103 0 0 0 0 0 0 
0 0 0 0.552685 0.5985 -0.831702 -0.0137841 0 0 0 0 0 0 
0 0 0 0.515528 0.5985 -0.842915 -0.156883 0 0 0 0 0 0 
0 0 0 0.472611 0.5985 -0.855495 -0.295908 0 0 0 0 0 0 
0 0 0 0.424778 0.5985 -0.868779 -0.425077 0 0 0 0 0 0 
0 0 0 0.373599 0.5985 -0.88466 -0.540076 0 0 0 0 0 0 
0 0 0 0.321212 0.5985 -0.901168 -0.638544 0 0 0 0 0 0 
0 0 0 0.270025 0.5985 -0.918209 -0.720034 0 0 0 0 0 0 
0 0 0 0.222249 0.5985 -0.935301 -0.785572 0 0 0 0 0 0 
0 0 0 0.179563 0.5985 -0.951244 -0.837076 0 0 0 0 0 0 
0 0 0 0.142874 0.5985 -0.965481 -0.876832 0 0 0 0 0 0 
0 0 0 0.112429 0.5985 -0.978161 -0.907111 0 0 0 0 0 0 
0 0 0 0.0877872 0.5985 -0.98516 -0.929957 0 0 0 0 0 0 
0 0 0 0.0682256 0.5985 -0.996097 -0.947089 0 0 0 0 0 0 
0 0 0 0.0529028 0.5985 -1.00186 -0.959894 0 0 0 0 0 0 
0 0 0 0.0409227 0.5985 -1.00749 -0.969454 0 0 0 0 0 0 
0 0 0 0.0315775 0.5985 -1.01154 -0.976597 0 0 0 0 0 0 
0 0 0 0.024279 0.5985 -1.01493 -0.981948 0 0 0 0 0 0 
0 0 0 0.0185354 0.5985 -1.0175 -0.985969 0 0 0 0 0 0 
0 0 0 0.0139822 0.5985 -1.02068 -0.989005 0 0 0 0 0 0 
0 0 0 0.0103429 0.5985 -1.02245 -0.99131 0 0 0 0 0 0 
0 0 0 0.00740927 0.5985 -1.02381 -0.993071 0 0 0 0 0 0 
0 0 0 0.00502217 0.5985 -1.02445 -0.994424 0 0 0 0 0 0 
0 0 0 0.00306544 0.5985 -1.01536 -0.995471 0 0 0 0 0 0 
0 0 0 0.00144365 0.5985 -0.974624 -0.983268 0 0 0 0 0 0 
0 0 0 0.0170851 0.601906 -0.881666 -0.921573 0 0 0 0 0 0 
0 0 0 0.0755861 0.614466 -0.81794 -0.630001 0 0 0 0 0 0 
0 0 0 0.274785 0.673821 -0.799692 0.0961039 0 0 0 0 0 0 
0 0 0 0.544782 0.821635 -0.797826 0.683232 0 0 0 0 0 0 
0 0 0 0.665039 0.941158 -0.802077 0.892714 0 0 0 0 0 0 
0 0 0 0.699627 0.983803 -0.804452 0.955847 0 0 0 0 0 0 
0 0 0 0.711177 0.996655 -0.803153 0.955836 0 0 0 0 0 0 
0 0 0 0.711176 0.5985 -0.802524 0.94923 0 0 0 0 0 0 
0 0 0 0.709847 0.5985 -0.802495 0.941234 0 0 0 0 0 0 
0 0 0 0.708299 0.5985 -0.802478 0.931504 0 0 0 0 0 0 
0 0 0 0.706479 0.5985 -0.802575 0.919625 0 0 0 0 0 0 
0 0 0 0.704319 0.5985 -0.801946 0.905152 0 0 0 0 0 0 
0 0 0 0.701766 0.5985 -0.801106 0.887364 0 0 0 0 0 0 
0 0 0 0.698723 0.5985 -0.800093 0.865453 0 0 0 0 0 0 
0 0 0 0.695043 0.5985 -0.802354 0.838441 0 0 0 0 0 0 
0 0 0 0.690585 0.5985 -0.804262 0.805167 0 0 0 0 0 0 
0 0 0 0.685166 0.5985 -0.804396 0.76431 0 0 0 0 0 0 
0 0 0 0.678501 0.5985 -0.806024 0.714438 0 0 0 0 0 0 
0 0 0 0.670286 0.5985 -0.809077 0.653612 0 0 0 0 0 0 
0 0 0 0.660059 0.5985 -0.810927 0.577429 0 0 0 0 0 0 
0 0 0 0.646809 0.5985 -0.813948 0.4865 0 0 0 0 0 0 
0 0 0 0.630124 0.5985 -0.81771 0.380254 0 0 0 0 0 0 
0 0 0 0.609396 0.5985 -0.822374 0.259428 0 0 0 0 0 0 
0 0 0 0.583701 0.5985 -0.829571 0.126462 0 0 0 0 0 0 
0 0 0 0.552461 0.5985 -0.837109 -0.0143886 0 0 0 0 0 0 
0 0 0 0.515301 0.5985 -0.846965 -0.15743 0 0 0 0 0 0 
0 0 0 0.472393 0.5985 -0.859139 -0.29638 0 0 0 0 0 0 
0 0 0 0.42458 0.5985 -0.872546 -0.425468 0 0 0 0 0 0 
0 0 0 0.373428 0.5985 -0.887293 -0.540386 0 0 0 0 0 0 
0 0 0 0.321071 0.5985 -0.902205 -0.638781 0 0 0 0 0 0 
0 0 0 0.269902 0.5985 -0.917563 -0.72021 0 0 0 0 0 0 
0 0 0 0.222145 0.5985 -0.932605 -0.785699 0 0 0 0 0 0 
0 0 0 0.179471 0.5985 -0.946847 -0.837167 0 0 0 0 0 0 
0 0 0 0.142825 0.5985 -0.959236 -0.876895 0 0 0 0 0 0 
0 0 0 0.11239 0.5985 -0.967114 -0.907155 0 0 0 0 0 0 
0 0 0 0.0877692 0.5985 -0.977857 -0.929987 0 0 0 0 0 0 
0 0 0 0.0682135 0.5985 -0.984758 -0.947109 0 0 0 0 0 0 
0 0 0 0.0528875 0.5985 -0.989914 -0.959907 0 0 0 0 0 0 
0 0 0 0.0409565 0.5985 -0.99457 -0.969463 0 0 0 0 0 0 
0 0 0 0.031636 0.5985 -0.99784 -0.976604 0 0 0 0 0 0 
0 0 0 0.0243141 0.5985 -0.999765 -0.981952 0 0 0 0 0 0 
0 0 0 0.0185585 0.5985 -1.00245 -0.985972 0 0 0 0 0 0 
0 0 0 0.0139999 0.5985 -1.0032 -0.989007 0 0 0 0 0 0 
0 0 0 0.0103562 0.5985 -1.00112 -0.991312 0 0 0 0 0 0 
0 0 0 0.00741851 0.5985 -1.00135 -0.993072 0 0 0 0 0 0 
0 0 0 0.00502563 0.5985 -0.996238 -0.994424 0 0 0 0 0 0 
0 0 0 0.0030612 0.5985 -0.976461 -0.986003 0 0 0 0 0 0 
0 0 0 0.0139443 0.601349 -0.917783 -0.947423 0 0 0 0 0 0 
0 0 0 0.052624 0.609203 -0.85387 -0.787845 0 0 0 0 0 0 
0 0 0 0.178071 0.641689 -0.824902 -0.304321 0 0 0 0 0 0 
0 0 0 0.42162 0.74012 -0.820298 0.369799 0 0 0 0 0 0 
0 0 0 0.607226 0.877352 -0.820834 0.761074 0 0 0 0 0 0 
0 0 0 0.677936 0.957004 -0.821246 0.905152 0 0 0 0 0 0 
0 0 0 0.701756 0.986334 -0.818904 0.955846 0 0 0 0 0 0 
0 0 0 0.711167 0.996654 -0.819794 0.949055 0 0 0 0 0 0 
0 0 0 0.709799 0.5985 -0.820723 0.940794 0 0 0 0 0 0 
0 0 0 0.708197 0.5985 -0.821839 0.930689 0 0 0 0 0 0 
0 0 0 0.706298 0.5985 -0.823257 0.918264 0 0 0 0 0 0 
0 0 0 0.70405 0.5985 -0.824124 0.903074 0 0 0 0 0 0 
0 0 0 0.701378 0.5985 -0.824546 0.884313 0 0 0 0 0 0 
0 0 0 0.698156 0.5985 -0.82271 0.861099 0 0 0 0 0 0 
0 0 0 0.694255 0.5985 -0.822347 0.832369 0 0 0 0 0 0 
0 0 0 0.689488 0.5985 -0.822871 0.796886 0 0 0 0 0 0 
0 0 0 0.683675 0.5985 -0.822729 0.75327 0 0 0 0 0 0 
0 0 0 0.676569 0.5985 -0.823939 0.7001 0 0 0 0 0 0 
0 0 0 0.667743 0.5985 -0.825889 0.632384 0 0 0 0 0 0 
0 0 0 0.656254 0.5985 -0.827723 0.549623 0 0 0 0 0 0 
0 0 0 0.64162 0.5985 -0.830063 0.451029 0 0 0 0 0 0 
0 0 0 0.623032 0.5985 -0.833815 0.336409 0 0 0 0 0 0 
0 0 0 0.600065 0.5985 -0.838304 0.207191 0 0 0 0 0 0 
0 0 0 0.571539 0.5985 -0.844365 0.0667882 0 0 0 0 0 0 
0 0 0 0.536968 0.5985 -0.851879 -0.0794819 0 0 0 0 0 0 
0 0 0 0.496229 0.5985 -0.860737 -0.225059 0 0 0 0 0 0 
0 0 0 0.449769 0.5985 -0.871977 -0.363276 0 0 0 0 0 0 
0 0 0 0.398879 0.5985 -0.884596 -0.488585 0 0 0 0 0 0 
0 0 0 0.345591 0.5985 -0.897862 -0.597404 0 0 0 0 0 0 
0 0 0 0.29238 0.5985 -0.911472 -0.688354 0 0 0 0 0 0 
0 0 0 0.241849 0.5985 -0.925375 -0.761934 0 0 0 0 0 0 
0 0 0 0.195944 0.5985 -0.938456 -0.819898 0 0 0 0 0 0 
0 0 0 0.155987 0.5985 -0.950602 -0.864617 0 0 0 0 0 0 
0 0 0 0.122403 0.5985 -0.960755 -0.898582 0 0 0 0 0 0 
0 0 0 0.0952538 0.5985 -0.969663 -0.92409 0 0 0 0 0 0 
0 0 0 0.0737097 0.5985 -0.975397 -0.943107 0 0 0 0 0 0 
0 0 0 0.0567967 0.5985 -0.981846 -0.957223 0 0 0 0 0 0 
0 0 0 0.043789 0.5985 -0.985916 -0.967685 0 0 0 0 0 0 
0 0 0 0.0337029 0.5985 -0.989395 -0.975442 0 0 0 0 0 0 
0 0 0 0.0258268 0.5985 -0.992315 -0.981206 0 0 0 0 0 0 
0 0 0 0.0195872 0.5985 -0.995235 -0.985503 0 0 0 0 0 0 
0 0 0 0.014744 0.5985 -0.998128 -0.988723 0 0 0 0 0 0 
0 0 0 0.0108999 0.5985 -0.997465 -0.991148 0 0 0 0 0 0 
0 0 0 0.00782365 0.5985 -0.996979 -0.992986 0 0 0 0 0 0 
0 0 0 0.00534186 0.5985 -0.999032 -0.994389 0 0 0 0 0 0 
0 0 0 0.0033077 0.5985 -0.999983 -0.995468 0 0 0 0 0 0 
0 0 0 0.00162497 0.5985 -0.995957 -0.99547 0 0 0 0 0 0 
0 0 0 0.00158834 0.5985 -0.972929 -0.986003 0 0 0 0 0 0 
0 0 0 0.0141701 0.601349 -0.91734 -0.947423 0 0 0 0 0 0 
0 0 0 0.0530456 0.609203 -0.858975 -0.787845 0 0 0 0 0 0 
0 0 0 0.17857 0.641689 -0.836089 -0.304321 0 0 0 0 0 0 
0 0 0 0.421391 0.74012 -0.835862 0.369799 0 0 0 0 0 0 
0 0 0 0.606692 0.877352 -0.833387 0.761074 0 0 0 0 0 0 
0 0 0 0.677629 0.957004 -0.833457 0.905152 0 0 0 0 0 0 
0 0 0 0.701576 0.986334 -0.833963 0.949254 0 0 0 0 0 0 
0 0 0 0.709701 0.995312 -0.833608 0.941261 0 0 0 0 0 0 
0 0 0 0.708139 0.5985 -0.833798 0.931535 0 0 0 0 0 0 
0 0 0 0.706298 0.5985 -0.833942 0.919643 0 0 0 0 0 0 
0 0 0 0.70412 0.5985 -0.834168 0.905034 0 0 0 0 0 0 
0 0 0 0.701535 0.5985 -0.834578 0.887184 0 0 0 0 0 0 
0 0 0 0.698428 0.5985 -0.833425 0.865176 0 0 0 0 0 0 
0 0 0 0.694667 0.5985 -0.831897 0.838012 0 0 0 0 0 0 
0 0 0 0.690118 0.5985 -0.832178 0.804505 0 0 0 0 0 0 
0 0 0 0.684622 0.5985 -0.832388 0.76329 0 0 0 0 0 0 
0 0 0 0.677902 0.5985 -0.832723 0.712875 0 0 0 0 0 0 
0 0 0 0.669528 0.5985 -0.833162 0.651759 0 0 0 0 0 0 
0 0 0 0.659217 0.5985 -0.834965 0.578015 0 0 0 0 0 0 
0 0 0 0.646304 0.5985 -0.836044 0.487146 0 0 0 0 0 0 
0 0 0 0.629653 0.5985 -0.838424 0.38095 0 0 0 0 0 0 
0 0 0 0.608735 0.5985 -0.841895 0.260156 0 0 0 0 0 0 
0 0 0 0.583126 0.5985 -0.845392 0.127199 0 0 0 0 0 0 
0 0 0 0.551889 0.5985 -0.850961 -0.0136714 0 0 0 0 0 0 
0 0 0 0.514824 0.5985 -0.859231 -0.156761 0 0 0 0 0 0 
0 0 0 0.472082 0.5985 -0.869018 -0.295783 0 0 0 0 0 0 
0 0 0 0.4245 0.5985 -0.879489 -0.424957 0 0 0 0 0 0 
0 0 0 0.373579 0.5985 -0.891942 -0.539966 0 0 0 0 0 0 
0 0 0 0.321453 0.5985 -0.903914 -0.638448 0 0 0 0 0 0 
0 0 0 0.27055 0.5985 -0.916206 -0.719954 0 0 0 0 0 0 
0 0 0 0.22289 0.5985 -0.928301 -0.785506 0 0 0 0 0 0 
0 0 0 0.180244 0.5985 -0.939508 -0.837024 0 0 0 0 0 0 
0 0 0 0.143484 0.5985 -0.949352 -0.876791 0 0 0 0 0 0 
0 0 0 0.113093 0.5985 -0.95754 -0.90708 0 0 0 0 0 0 
0 0 0 0.0884915 0.5985 -0.962322 -0.929933 0 0 0 0 0 0 
0 0 0 0.0689918 0.5985 -0.97025 -0.947071 0 0 0 0 0 0 
0 0 0 0.0537148 0.5985 -0.973595 -0.95988 0 0 0 0 0 0 
0 0 0 0.0421511 0.5985 -0.977274 -0.969444 0 0 0 0 0 0 
0 0 0 0.0325929 0.5985 -0.980563 -0.97659 0 0 0 0 0 0 
0 0 0 0.0251975 0.5985 -0.982697 -0.981942 0 0 0 0 0 0 
0 0 0 0.0193629 0.5985 -0.98444 -0.985965 0 0 0 0 0 0 
0 0 0 0.0146836 0.5985 -0.986421 -0.989002 0 0 0 0 0 0 
0 0 0 0.0109682 0.5985 -0.98708 -0.991308 0 0 0 0 0 0 
0 0 0 0.00796755 0.5985 -0.989605 -0.993069 0 0 0 0 0 0 
0 0 0 0.00552744 0.5985 -0.990427 -0.994422 0 0 0 0 0 0 
0 0 0 0.00352962 0.5985 -0.983941 -0.99547 0 0 0 0 0 0 
0 0 0 0.00182123 0.5985 -0.955171 -0.983263 0 0 0 0 0 0 
0 0 0 0.0176552 0.601907 -0.890756 -0.921548 0 0 0 0 0 0 
0 0 0 0.0767867 0.614471 -0.846618 -0.629901 0 0 0 0 0 0 
0 0 0 0.275546 0.673842 -0.831975 0.096263 0 0 0 0 0 0 
0 0 0 0.543606 0.821668 -0.833181 0.683311 0 0 0 0 0 0 
0 0 0 0.664242 0.941174 -0.842147 0.892741 0 0 0 0 0 0 
0 0 0 0.699173 0.983808 -0.846326 0.955857 0 0 0 0 0 0 
0 0 0 0.710902 0.996657 -0.846471 0.955846 0 0 0 0 0 0 
0 0 0 0.710911 0.5985 -0.846003 0.949241 0 0 0 0 0 0 
0 0 0 0.70957 0.5985 -0.845513 0.941247 0 0 0 0 0 0 
0 0 0 0.708036 0.5985 -0.845328 0.931519 0 0 0 0 0 0 
0 0 0 0.70621 0.5985 -0.84525 0.919625 0 0 0 0 0 0 
0 0 0 0.704001 0.5985 -0.844564 0.905171 0 0 0 0 0 0 
0 0 0 0.701381 0.5985 -0.843082 0.887424 0 0 0 0 0 0 
0 0 0 0.698291 0.5985 -0.840344 0.865595 0 0 0 0 0 0 
0 0 0 0.694421 0.5985 -0.843064 0.838737 0 0 0 0 0 0 
0 0 0 0.689925 0.5985 -0.843401 0.80575 0 0 0 0 0 0 
0 0 0 0.684426 0.5985 -0.842583 0.765406 0 0 0 0 0 0 
0 0 0 0.677782 0.5985 -0.842612 0.716432 0 0 0 0 0 0 
0 0 0 0.669601 0.5985 -0.844963 0.654134 0 0 0 0 0 0 
0 0 0 0.658972 0.5985 -0.845782 0.578015 0 0 0 0 0 0 
0 0 0 0.645523 0.5985 -0.847256 0.487146 0 0 0 0 0 0 
0 0 0 0.628291 0.5985 -0.849511 0.38095 0 0 0 0 0 0 
0 0 0 0.607879 0.5985 -0.852662 0.260156 0 0 0 0 0 0 
0 0 0 0.58193 0.5985 -0.857959 0.127199 0 0 0 0 0 0 
0 0 0 0.550762 0.5985 -0.863816 -0.0136714 0 0 0 0 0 0 
0 0 0 0.513875 0.5985 -0.869288 -0.156761 0 0 0 0 0 0 
0 0 0 0.471307 0.5985 -0.877045 -0.295783 0 0 0 0 0 0 
0 0 0 0.423996 0.5985 -0.886085 -0.424957 0 0 0 0 0 0 
0 0 0 0.373457 0.5985 -0.896254 -0.539966 0 0 0 7.25499 7.25499 0 
0 0 0 0.321708 0.5985 -0.905649 -0.638448 0 0 0 8.80856 8.80856 0 
0 0 0 0.270952 0.5985 -0.914995 -0.719954 0 0 0 10.3589 10.3589 0 
0 0 0 0.223519 0.5985 -0.923991 -0.785506 0 0 0 11.9057 11.9057 0 
0 0 0 0.180989 0.5985 -0.932395 -0.837024 0 0 0 13.4473 13.4473 0 
0 0 0 0.144459 0.5985 -0.939677 -0.876791 0 0 0 14.9836 14.9836 0 
0 0 0 0.113963 0.5985 -0.94654 -0.90708 0 0 0 16.4816 16.4816 0 
0 0 0 0.0892654 0.5985 -0.950526 -0.929933 0 0 0 17.9433 17.9433 0 
0 0 0 0.069316 0.5985 -0.953765 -0.947071 0 0 0 19.3757 19.3757 0 
0 0 0 0.0541982 0.5985 -0.956929 -0.95988 0 0 0 20.7833 20.7833 0 
0 0 0 0.0433225 0.5985 -0.958824 -0.969444 0 0 0 22.1641 22.1641 0 
0 0 0 0.0344632 0.5985 -0.960877 -0.97659 0 0 0 23.526 23.526 0 
0 0 0 0.0268055 0.5985 -0.962031 -0.981942 0 0 0 0 0 0 
0 0 0 0.0206559 0.5985 -0.96424 -0.985965 0 0 0 0 0 0 
0 0 0 0.01577 0.5985 -0.964489 -0.989002 0 0 0 0 0 0 
0 0 0 0.0118973 0.5985 -0.962222 -0.991308 0 0 0 0 0 0 
0 0 0 0.00878046 0.5985 -0.964115 -0.993069 0 0 0 0 0 0 
0 0 0 0.00618265 0.5985 -0.96303 -0.994422 0 0 0 0 0 0 
0 0 0 0.00398924 0.5985 -0.9598 -0.99547 0 0 0 0 0 0 
0 0 0 0.00211084 0.5985 -0.946796 -0.986003 0 0 0 0 0 0 
0 0 0 0.0152649 0.601349 -0.914893 -0.947423 7.27255 7.27255 0 0 0 0 
0 0 0 0.0551552 0.609203 -0.881431 -0.787845 8.89427 8.89427 0 0 0 0 
0 0 0 0.181064 0.641689 -0.871362 -0.304321 10.5303 10.5303 0 0 0 0 
0 0 0 0.420369 0.74012 -0.869165 0.369799 12.1407 12.1407 0 0 0 0 
0 0 0 0.604055 0.877352 -0.867067 0.761074 13.6792 13.6792 0 0 0 0 
0 0 0 0.676097 0.957004 -0.869508 0.905152 15.1553 15.1553 0 0 0 0 
0 0 0 0.700674 0.986334 -0.87157 0.949254 16.5678 16.5678 0 0 0 0 
0 0 0 0.709039 0.995312 -0.870602 0.941261 17.9126 17.9126 0 0 0 0 
0 0 0 0.707428 0.5985 -0.870227 0.931535 19.1807 19.1807 0 0 0 0 
0 0 0 0.705403 0.5985 -0.87026 0.919643 0 0 0 0 0 0 
0 0 0 0.703026 0.5985 -0.87047 0.905152 0 0 0 0 0 0 
0 0 0 0.700448 0.5985 -0.871017 0.887364 0 0 0 0 0 0 
7.29454 7.29454 0 0.697162 0.5985 -0.87137 0.865453 0 0 0 0 0 0 
9.10968 9.10968 0 0.693084 0.5985 -0.87154 0.838441 0 0 0 0 0 0 
10.9929 10.9929 0 0.687622 0.5985 -0.871343 0.805167 0 0 0 0 0 0 
12.9409 12.9409 0 0.681647 0.5985 -0.871036 0.76431 0 0 0 0 0 0 
14.9505 14.9505 0 0.673933 0.5985 -0.871557 0.714438 0 0 0 0 0 0 
17.0189 17.0189 0 0.665242 0.5985 -0.872394 0.654134 0 0 0 0 0 0 
19.1431 19.1431 0 0.654555 0.5985 -0.87225 0.577999 0 0 0 0 0 0 
21.3204 21.3204 0 0.64047 0.5985 -0.872148 0.487112 0 0 0 8.53989 8.53989 0 
23.5482 23.5482 0 0.623656 0.5985 -0.87257 0.380895 0 0 0 10.5161 10.5161 0 
25.824 25.824 0 0.601194 0.5985 -0.873848 0.26008 0 0 0 12.5239 12.5239 0 
28.1455 28.1455 0 0.574346 0.5985 -0.875135 0.127103 0 0 0 14.5506 14.5506 0 
30.5103 30.5103 0 0.543211 0.5985 -0.876421 -0.0137841 0 0 0 16.5798 16.5798 0 
32.9164 32.9164 0 0.50646 0.5985 -0.87884 -0.156883 0 0 0 18.6139 18.6139 0 
35.3617 35.3617 0 0.465468 0.5985 -0.884182 -0.295908 0 0 0 20.662 20.662 0 
37.8442 37.8442 0 0.420223 0.5985 -0.890766 -0.425077 0 0 0 22.7226 22.7226 0 
40.3621 40.3621 0 0.372567 0.5985 -0.898323 -0.540076 0 0 0 24.7923 24.7923 0 
42.9137 42.9137 0 0.323646 0.5985 -0.906371 -0.638544 0 0 0 26.8705 26.8705 0 
45.4972 45.4972 0 0.277065 0.5985 -0.914672 -0.720034 0 0 0 28.9559 28.9559 0 
48.1111 48.1111 0 0.231372 0.5985 -0.922814 -0.785572 0 0 0 31.0455 31.0455 0 
50.7538 50.7538 0 0.191693 0.5985 -0.930393 -0.837076 0 0 0 33.1348 33.1348 0 
53.4239 53.4239 0 0.155477 0.5985 -0.937578 -0.876832 0 0 0 35.2145 35.2145 0 
56.1201 56.1201 0 0.125486 0.5985 -0.946441 -0.907111 0 0 0 37.2098 37.2098 0 
58.841 58.841 0 0.0998507 0.5985 -0.950362 -0.929957 0 0 0 39.1371 39.1371 0 
61.5855 61.5855 0 0.081836 0.5985 -0.953339 -0.947089 0 0 0 41.0071 41.0071 0 
64.3522 64.3522 0 0.0707403 0.5985 -0.956448 -0.959894 0 0 0 42.8318 42.8318 0 
67.1402 67.1402 0 0.0587188 0.5985 -0.958702 -0.969454 0 0 0 44.6143 44.6143 0 
69.9484 69.9484 0 0.0458602 0.5985 -0.960273 -0.976597 0 0 0 46.3556 46.3556 0 
72.7757 72.7757 0 0.0399828 0.5985 -0.961548 -0.981948 0 0 0 48.0663 48.0663 0 
75.6212 75.6212 0 0.0349772 0.5985 -0.964712 -0.985969 0 0 0 49.7778 49.7778 0 
78.4839 78.4839 0 0.027364 0.5985 -0.969847 -0.989005 0 0 0 51.4968 51.4968 0 
81.3631 81.3631 0 0.0218646 0.5985 -0.975625 -0.99131 0 0 0 53.2124 53.2124 0 
84.2579 84.2579 0 0.0177485 0.5985 -0.979188 -0.993071 0 0 0 54.921 54.921 0 
87.1676 87.1676 0 0.0145028 0.5985 -0.976732 -0.994424 0 0 0 56.6265 56.6265 0 
90.0913 90.0913 0 0.0120688 0.5985 -0.969063 -0.995471 0 0 0 58.3302 58.3302 0 
0 90.0913 90.0913 0.00989451 0.5985 -0.945694 -0.983268 0 0 0 60.0396 60.0396 0 
0 90.0913 90.0913 0.0317839 0.601906 -0.89479 -0.921573 0 0 0 61.7551 61.7551 0 
0 90.0913 90.0913 0.10349 0.614466 -0.860528 -0.630001 0 0 0 63.4789 63.4789 0 
0 90.0913 90.0913 0.289472 0.673821 -0.854113 0.0961039 0 0 0 65.2089 65.2089 0 
0 90.0913 90.0913 0.516875 0.821635 -0.851696 0.683232 0 0 0 66.9472 66.9472 0 
0 90.0913 90.0913 0.642303 0.941158 -0.85319 0.892714 0 0 0 68.6946 68.6946 0 
0 90.0913 90.0913 0.687679 0.983803 -0.852419 0.955847 0 0 0 70.4526 70.4526 0 
14.781 14.781 90.0913 0.704029 0.996655 -0.853145 0.955836 0 0 0 72.2215 72.2215 0 
17.8036 17.8036 90.0913 0.704711 0.5985 -0.853057 0.94923 0 0 0 73.9984 73.9984 0 
20.8347 20.8347 90.0913 0.703438 0.5985 -0.853328 0.941234 0 0 0 75.7862 75.7862 0 
23.8737 23.8737 90.0913 0.702325 0.5985 -0.855308 0.931504 0 0 0 77.5823 77.5823 0 
26.9204 26.9204 90.0913 0.701429 0.5985 -0.854791 0.919625 0 0 0 79.3952 79.3952 0 
29.9743 29.9743 90.0913 0.700113 0.5985 -0.85322 0.905152 0 0 0 81.2216 81.2216 0 
33.0351 33.0351 90.0913 0.697403 0.5985 -0.851183 0.887364 0 0 0 0 81.2216 81.2216 
36.1023 36.1023 90.0913 0.694014 0.5985 -0.849936 0.865453 0 0 0 0 81.2216 81.2216 
39.1758 39.1758 90.0913 0.689786 0.5985 -0.84928 0.838441 0 0 0 0 81.2216 81.2216 
42.2552 42.2552 90.0913 0.684818 0.5985 -0.849069 0.805167 0 0 0 0 81.2216 81.2216 
45.3402 45.3402 90.0913 0.678841 0.5985 -0.849433 0.76431 0 0 0 0 81.2216 81.2216 
48.4304 48.4304 90.0913 0.671465 0.5985 -0.850318 0.714438 0 0 0 0 81.2216 81.2216 
51.5258 51.5258 90.0913 0.662421 0.5985 -0.851197 0.653612 0 0 0 0 81.2216 81.2216 
54.6259 54.6259 90.0913 0.651883 0.5985 -0.852181 0.577429 0 0 0 0 81.2216 81.2216 
57.7306 57.7306 90.0913 0.640667 0.5985 -0.853834 0.4865 0 0 0 10.0443 10.0443 81.2216 
60.8396 60.8396 90.0913 0.622233 0.5985 -0.856099 0.380254 0 0 0 12.2733 12.2733 81.2216 
63.9527 63.9527 90.0913 0.599769 0.5985 -0.859132 0.259428 0 0 0 14.5496 14.5496 81.2216 
67.0697 67.0697 90.0913 0.573648 0.5985 -0.862768 0.126462 0 0 0 16.871 16.871 81.2216 
70.1904 70.1904 90.0913 0.542371 0.5985 -0.867366 -0.0143886 0 0 0 19.2353 19.2353 81.2216 
73.3147 73.3147 90.0913 0.505895 0.5985 -0.872989 -0.15743 0 0 0 21.6405 21.6405 81.2216 
76.4423 76.4423 90.0913 0.464796 0.5985 -0.879661 -0.29638 0 0 0 24.0836 24.0836 81.2216 
79.5731 79.5731 90.0913 0.420567 0.5985 -0.887381 -0.425468 0 0 0 26.5252 26.5252 81.2216 
82.7069 82.7069 90.0913 0.372721 0.5985 -0.895874 -0.540386 0 0 0 28.9828 28.9828 81.2216 
85.8436 85.8436 90.0913 0.322158 0.5985 -0.905552 -0.638781 0 0 0 31.4641 31.4641 81.2216 
88.983 88.983 90.0913 0.271899 0.5985 -0.915217 -0.72021 0 0 0 33.9504 33.9504 81.2216 
92.125 92.125 90.0913 0.225744 0.5985 -0.924614 -0.785699 0 0 0 36.4382 36.4382 81.2216 
95.2695 95.2695 90.0913 0.184497 0.5985 -0.933811 -0.837167 0 0 0 38.9276 38.9276 81.2216 
98.4163 98.4163 90.0913 0.148721 0.5985 -0.943279 -0.876895 0 0 0 41.4007 41.4007 81.2216 
101.565 101.565 90.0913 0.117447 0.5985 -0.952703 -0.907155 0 0 0 43.8107 43.8107 81.2216 
104.716 104.716 90.0913 0.0932382 0.5985 -0.958244 -0.929987 0 0 0 46.1865 46.1865 81.2216 
107.87 107.87 90.0913 0.0745807 0.5985 -0.963912 -0.947109 0 0 0 48.5298 48.5298 81.2216 
111.025 111.025 90.0913 0.0583493 0.5985 -0.967357 -0.959907 0 0 0 50.8488 50.8488 81.2216 
114.181 114.181 90.0913 0.0465096 0.5985 -0.969945 -0.969463 0 0 0 53.1444 53.1444 81.2216 
117.34 117.34 90.0913 0.0361719 0.5985 -0.971263 -0.976604 0 0 0 55.4186 55.4186 81.2216 
120.5 120.5 90.0913 0.0285012 0.5985 -0.967981 -0.981952 0 0 0 57.6479 57.6479 81.2216 
123.662 123.662 90.0913 0.0221947 0.5985 -0.960643 -0.985972 0 0 0 59.8349 59.8349 81.2216 
126.825 126.825 90.0913 0.0172647 0.5985 -0.954429 -0.989007 0 0 0 62.0205 62.0205 81.2216 
129.99 129.99 90.0913 0.0137377 0.5985 -0.948092 -0.991312 0 0 0 64.2127 64.2127 81.2216 
133.156 133.156 90.0913 0.0103109 0.5985 -0.941323 -0.993072 0 0 0 66.3958 66.3958 81.2216 
136.323 136.323 90.0913 0.00731747 0.5985 -0.931692 -0.994424 0 0 0 68.5731 68.5731 81.2216 
0 136.323 136.323 0.00482117 0.5985 -0.921062 -0.986003 0 0 0 70.7549 70.7549 81.2216 
0 136.323 136.323 0.0162909 0.601349 -0.911979 -0.947423 0 0 0 72.9491 72.9491 81.2216 
0 136.323 136.323 0.0568186 0.609203 -0.907034 -0.787845 7.56196 7.56196 0 75.1636 75.1636 81.2216 
0 136.323 136.323 0.183317 0.641689 -0.911233 -0.304321 9.46129 9.46129 0 77.4026 77.4026 81.2216 
0 136.323 136.323 0.419331 0.74012 -0.920855 0.369799 11.425 11.425 0 79.6861 79.6861 81.2216 
0 136.323 136.323 0.601882 0.877352 -0.913687 0.761074 13.4499 13.4499 0 82.0144 82.0144 81.2216 
0 136.323 136.323 0.674674 0.957004 -0.880053 0.905152 15.533 15.533 0 84.3843 84.3843 81.2216 
0 136.323 136.323 0.699819 0.986334 -0.851374 0.955846 17.6713 17.6713 0 86.7939 86.7939 81.2216 
14.9195 14.9195 136.323 0.709799 0.996654 -0.827601 0.949055 19.8623 19.8623 0 89.2416 89.2416 81.2216 
17.5668 17.5668 136.323 0.708329 0.5985 -0.810695 0.940794 22.0977 22.0977 0 91.7256 91.7256 81.2216 
20.2056 20.2056 136.323 0.706585 0.5985 -0.803538 0.930689 24.3374 24.3374 0 94.2443 94.2443 81.2216 
22.796 22.796 136.323 0.704554 0.5985 -0.801826 0.918264 26.5748 26.5748 0 96.7961 96.7961 81.2216 
25.3254 25.3254 136.323 0.702131 0.5985 -0.803321 0.903074 28.7806 28.7806 0 99.3795 99.3795 81.2216 
27.7835 27.7835 136.323 0.699262 0.5985 -0.803391 0.884313 30.9313 30.9313 0 101.993 101.993 81.2216 
30.1665 30.1665 136.323 0.695838 0.5985 -0.803102 0.861099 33.0136 33.0136 0 0 101.993 101.993 
32.4762 32.4762 136.323 0.691734 0.5985 -0.804135 0.832369 35.0076 35.0076 0 0 101.993 101.993 
34.7161 34.7161 136.323 0.686947 0.5985 -0.805644 0.796886 36.918 36.918 0 0 101.993 101.993 
36.8985 36.8985 136.323 0.680589 0.5985 -0.809104 0.75327 38.7491 38.7491 0 0 101.993 101.993 
39.0344 39.0344 136.323 0.673025 0.5985 -0.807019 0.7001 40.5088 40.5088 0 0 101.993 101.993 
41.1435 41.1435 136.323 0.663736 0.5985 -0.805529 0.632384 42.2108 42.2108 0 0 101.993 101.993 
43.2391 43.2391 136.323 0.652167 0.5985 -0.804418 0.549623 43.8638 43.8638 0 0 101.993 101.993 
45.3282 45.3282 136.323 0.638099 0.5985 -0.807255 0.451029 45.468 45.468 0 0 101.993 101.993 
47.4253 47.4253 136.323 0.620379 0.5985 -0.811258 0.336409 47.0706 47.0706 0 13.6321 13.6321 101.993 
49.5364 49.5364 136.323 0.596818 0.5985 -0.814715 0.207191 48.6957 48.6957 0 16.4765 16.4765 101.993 
51.6263 51.6263 136.323 0.568465 0.5985 -0.823944 0.0667882 50.2352 50.2352 0 19.2637 19.2637 101.993 
53.6769 53.6769 136.323 0.53386 0.5985 -0.844618 -0.0794819 51.6468 51.6468 0 21.9594 21.9594 101.993 
55.6902 55.6902 136.323 0.493395 0.5985 -0.86145 -0.225059 52.9526 52.9526 0 24.5722 24.5722 101.993 
57.6804 57.6804 136.323 0.44751 0.5985 -0.874194 -0.363276 54.1773 54.1773 0 27.1133 27.1133 101.993 
59.6603 59.6603 136.323 0.39722 0.5985 -0.887659 -0.488585 55.3423 55.3423 0 29.6109 29.6109 101.993 
61.6471 61.6471 136.323 0.346574 0.5985 -0.899962 -0.597404 0 0 0 32.0777 32.0777 101.993 
63.6524 63.6524 136.323 0.301384 0.5985 -0.911454 -0.688354 0 0 0 34.5425 34.5425 101.993 
65.6878 65.6878 136.323 0.26685 0.5985 -0.921023 -0.761934 0 0 0 37.0122 37.0122 101.993 
67.7815 67.7815 136.323 0.249081 0.5985 -0.929629 -0.819898 0 0 0 39.4875 39.4875 101.993 
69.9282 69.9282 136.323 0.259087 0.5985 -0.936923 -0.864617 0 0 0 41.976 41.976 101.993 
72.125 72.125 136.323 0.288495 0.5985 -0.94472 -0.898582 0 0 0 44.4898 44.4898 101.993 
74.3699 74.3699 136.323 0.312485 0.5985 -0.952176 -0.92409 0 0 0 47.0381 47.0381 101.993 
76.6607 76.6607 136.323 0.314003 0.5985 -0.953575 -0.943107 0 0 0 49.6168 49.6168 101.993 
78.9954 78.9954 136.323 0.35628 0.5985 -0.960279 -0.957223 0 0 0 52.2249 52.2249 101.993 
81.372 81.372 136.323 0.439892 0.5985 -0.977902 -0.967685 0 0 0 54.8611 54.8611 101.993 
83.7887 83.7887 136.323 0.377508 0.5985 -0.996751 -0.975442 0 0 0 57.5242 57.5242 101.993 
86.2436 86.2436 136.323 0.0655668 0.5985 -1.01481 -0.981206 7.34293 7.34293 0 60.213 60.213 101.993 
88.7348 88.7348 136.323 0.0226456 0.5985 -1.02313 -0.985503 9.11263 9.11263 0 62.9265 62.9265 101.993 
91.2607 91.2607 136.323 0.0149597 0.5985 -1.02739 -0.988723 10.952 10.952 0 65.6633 65.6633 101.993 
93.8196 93.8196 136.323 0.0107643 0.5985 -1.03157 -0.991148 12.8578 12.8578 0 68.4225 68.4225 101.993 
96.4098 96.4098 136.323 0.00763887 0.5985 -1.03498 -0.992986 14.8271 14.8271 0 71.2031 71.2031 101.993 
99.0299 99.0299 136.323 0.00514553 0.5985 -1.03665 -0.994389 16.8567 16.8567 0 74.004 74.004 101.993 
101.678 101.678 136.323 0.00312204 0.5985 -1.03803 -0.995468 18.9438 18.9438 0 76.8242 76.8242 101.993 
104.354 104.354 136.323 0.00145114 0.5985 -1.0335 -0.99547 21.0856 21.0856 0 79.6628 79.6628 101.993 
0 104.354 104.354 0.00144587 0.5985 -1.0025 -0.986003 23.2796 23.2796 0 82.5189 82.5189 101.993 
0 104.354 104.354 0.0139599 0.601349 -0.920358 -0.947423 25.5231 25.5231 0 85.3917 85.3917 101.993 
0 104.354 104.354 0.0526478 0.609203 -0.830193 -0.787845 27.8138 27.8138 0 88.2804 88.2804 101.993 
0 104.354 104.354 0.178129 0.641689 -0.790996 -0.304321 30.1493 30.1493 0 91.1841 91.1841 101.993 
0 104.354 104.354 0.421614 0.74012 -0.779822 0.369799 32.5275 32.5275 0 94.1022 94.1022 101.993 
0 104.354 104.354 0.607261 0.877352 -0.776761 0.761074 34.9462 34.9462 0 97.0338 97.0338 101.993 
0 104.354 104.354 0.677992 0.957004 -0.775885 0.905152 37.4034 37.4034 0 99.9785 99.9785 101.993 
0 104.354 104.354 0.70179 0.986334 -0.776013 0.949254 39.8972 39.8972 0 102.935 102.935 101.993 
13.5213 13.5213 104.354 0.709866 0.995312 -0.776203 0.941261 42.4259 42.4259 0 105.904 105.904 101.993 
16.1286 16.1286 104.354 0.708321 0.5985 -0.776438 0.931535 44.9624 44.9624 0 108.884 108.884 101.993 
18.6054 18.6054 104.354 0.706496 0.5985 -0.776729 0.919643 47.403 47.403 0 111.874 111.874 101.993 
20.9534 20.9534 104.354 0.704261 0.5985 -0.777091 0.905034 49.7175 49.7175 0 114.874 114.874 101.993 
23.1777 23.1777 104.354 0.701508 0.5985 -0.777545 0.887184 51.8696 51.8696 0 117.884 117.884 101.993 
25.2839 25.2839 104.354 0.698279 0.5985 -0.778118 0.865176 53.8321 53.8321 0 0 117.884 117.884 
27.2798 27.2798 104.354 0.694212 0.5985 -0.778845 0.838012 55.5869 55.5869 0 0 117.884 117.884 
29.1731 29.1731 104.354 0.689273 0.5985 -0.779771 0.804505 57.1207 57.1207 0 0 117.884 117.884 
30.9722 30.9722 104.354 0.682516 0.5985 -0.780956 0.76329 58.2868 58.2868 0 0 117.884 117.884 
32.6875 32.6875 104.354 0.674283 0.5985 -0.782473 0.712875 59.1154 59.1154 0 0 117.884 117.884 
34.3038 34.3038 104.354 0.776537 0.5985 -0.632798 0.651759 59.6067 59.6067 0 0 117.884 117.884 
35.823 35.823 104.354 0.762982 0.5985 -0.638652 0.578015 0 0 0 0 117.884 117.884 
37.2531 37.2531 104.354 0.748335 0.5985 -0.644698 0.487146 0 0 0 15.1361 15.1361 117.884 
38.5991 38.5991 104.354 0.729622 0.5985 -0.655179 0.38095 0 0 0 18.213 18.213 117.884 
39.8671 39.8671 104.354 0.701835 0.5985 -0.6613 0.260156 0 0 0 21.2956 21.2956 117.884 
41.0652 41.0652 104.354 0.674188 0.5985 -0.67824 0.127199 0 0 0 24.3837 24.3837 117.884 
42.1981 42.1981 104.354 0.643441 0.5985 -0.695729 -0.0136714 0 0 0 27.4769 27.4769 117.884 
0 0 104.354 0.601669 0.5985 -0.712453 -0.156761 0 0 0 30.575 30.575 117.884 
0 0 104.354 0.551934 0.5985 -0.732888 -0.295783 0 0 0 33.6778 33.6778 117.884 
0 0 104.354 0.496127 0.5985 -0.760963 -0.424957 0 0 0 36.785 36.785 117.884 
0 0 104.354 0.436365 0.5985 -0.792612 -0.539966 0 0 0 39.8964 39.8964 117.884 
0 0 104.354 0.375181 0.5985 -0.826754 -0.638448 0 0 0 43.0118 43.0118 117.884 
0 0 104.354 0.315372 0.5985 -0.861868 -0.719954 0 0 0 46.1309 46.1309 117.884 
0 0 104.354 0.259546 0.5985 -0.896252 -0.785506 0 0 0 49.2537 49.2537 117.884 
0 0 104.354 0.209668 0.5985 -0.928346 -0.837024 0 0 0 52.3799 52.3799 117.884 
0 0 104.354 0.166823 0.5985 -0.95701 -0.876791 0 0 0 55.5094 55.5094 117.884 
0 0 104.354 0.131249 0.5985 -0.981636 -0.90708 0 0 0 58.6419 58.6419 117.884 
0 0 104.354 0.102475 0.5985 -1.00212 -0.929933 0 0 0 61.7774 61.7774 117.884 
0 0 104.354 0.0796341 0.5985 -1.00268 -0.947071 0 0 0 64.9157 64.9157 117.884 
0 0 104.354 0.0617149 0.5985 -0.976001 -0.95988 0 0 0 68.0566 68.0566 117.884 
0 0 104.354 0.0477345 0.5985 -0.960706 -0.969444 0 0 0 71.2 71.2 117.884 
0 0 104.354 0.036834 0.5985 -0.984704 -0.97659 0 0 0 74.3459 74.3459 117.884 
0 0 104.354 0.028308 0.5985 -1.01306 -0.981942 0 0 0 77.4939 77.4939 117.884 
0 0 104.354 0.0216009 0.5985 -1.03244 -0.985965 0 0 0 80.6442 80.6442 117.884 
0 0 104.354 0.0162853 0.5985 -1.0446 -0.989002 0 0 0 83.7965 83.7965 117.884 
0 0 104.354 0.012037 0.5985 -1.05305 -0.991308 0 0 0 86.9507 86.9507 117.884 
0 0 104.354 0.00861181 0.5985 -1.05965 -0.993069 0 0 0 90.1068 90.1068 117.884 
0 0 104.354 0.00582547 0.5985 -1.06419 -0.994422 0 0 0 93.2647 93.2647 117.884 
0 0 104.354 0.003539 0.5985 -1.04765 -0.99547 0 0 0 96.4242 96.4242 117.884 
0 0 0 0.00164686 0.5985 -0.969964 -0.983263 0 0 0 99.5853 99.5853 117.884 
0 0 0 0.017028 0.601907 -0.8773 -0.921548 0 0 0 102.748 102.748 117.884 
0 0 0 0.0754728 0.614471 -0.803811 -0.629901 0 0 0 105.912 105.912 117.884 
0 0 0 0.274745 0.673842 -0.78233 0.096263 0 0 0 109.077 109.077 117.884 
0 0 0 0.544985 0.821668 -0.776978 0.683311 0 0 0 112.244 112.244 117.884 
0 0 0 0.665165 0.941174 -0.775731 0.892741 0 0 0 115.412 115.412 117.884 
0 0 0 0.699686 0.983808 -0.775732 0.955857 0 0 0 118.581 118.581 117.884 
0 0 0 0.711212 0.996657 -0.775859 0.955846 0 0 0 121.751 121.751 117.884 
0 0 0 0.711209 0.5985 -0.776014 0.949241 7.35344 7.35344 0 124.923 124.923 117.884 
0 0 0 0.709882 0.5985 -0.776204 0.941247 9.2327 9.2327 0 128.095 128.095 117.884 
0 0 0 0.70833 0.5985 -0.776438 0.931519 11.0924 11.0924 0 131.268 131.268 117.884 
0 0 0 0.706508 0.5985 -0.776727 0.919625 12.8448 12.8448 0 134.442 134.442 117.884 
0 0 0 0.704356 0.5985 -0.777086 0.905171 14.4381 14.4381 0 137.617 137.617 117.884 
0 0 0 0.70182 0.5985 -0.777536 0.887424 15.8504 15.8504 0 140.793 140.793 117.884 
0 0 0 0.698784 0.5985 -0.778102 0.865595 17.0611 17.0611 0 0 140.793 140.793 
0 0 0 0.695131 0.5985 -0.778817 0.838737 0 0 0 0 140.793 140.793 
0 0 0 0.690708 0.5985 -0.779723 0.80575 0 0 0 0 140.793 140.793 
0 0 0 0.685325 0.5985 -0.78087 0.765406 0 0 0 0 140.793 140.793 
0 0 0 0.678747 0.5985 -0.782413 0.716432 0 0 0 0 140.793 140.793 
0 0 0 0.670691 0.5985 -0.784435 0.654134 0 0 0 0 140.793 140.793 
0 0 0 0.66023 0.5985 -0.787073 0.578015 0 0 0 0 140.793 140.793 
0 0 0 0.646998 0.5985 -0.790515 0.487146 0 0 0 0 140.793 140.793 
0 0 0 0.630391 0.5985 -0.794995 0.38095 0 0 0 15.822 15.822 140.793 
0 0 0 0.609602 0.5985 -0.800795 0.260156 0 0 0 19.004 19.004 140.793 
0 0 0 0.583402 0.5985 -0.808234 0.127199 0 0 0 22.1864 22.1864 140.793 
0 0 0 0.550855 0.5985 -0.817647 -0.0136714 0 0 0 25.3693 25.3693 140.793 
0 0 0 0.514956 0.5985 -0.829329 -0.156761 0 0 0 28.5526 28.5526 140.793 
0 0 0 0.47254 0.5985 -0.843461 -0.295783 0 0 0 31.7363 31.7363 140.793 
0 0 0 0.424812 0.5985 -0.860017 -0.424957 0 0 0 34.9203 34.9203 140.793 
0 0 0 0.373651 0.5985 -0.878682 -0.539966 0 0 0 38.1048 38.1048 140.793 
0 0 0 0.321259 0.5985 -0.898816 -0.638448 18.1946 18.1946 0 41.2895 41.2895 140.793 
7.53355 7.53355 0 0.270044 0.5985 -0.919524 -0.719954 0 18.1946 18.1946 44.4746 44.4746 140.793 
9.3674 9.3674 0 0.222238 0.5985 -0.939801 -0.785506 0 18.1946 18.1946 47.66 47.66 140.793 
11.2682 11.2682 0 0.179528 0.5985 -0.958728 -0.837024 0 18.1946 18.1946 50.8457 50.8457 140.793 
13.2327 13.2327 0 0.142851 0.5985 -0.975632 -0.876791 0 18.1946 18.1946 54.0317 54.0317 140.793 
15.2579 15.2579 0 0.11239 0.5985 -0.990155 -0.90708 0 18.1946 18.1946 57.2179 57.2179 140.793 
17.3409 17.3409 0 0.0877511 0.5985 -1.00224 -0.929933 0 18.1946 18.1946 60.4044 60.4044 140.793 
19.4789 19.4789 0 0.0681902 0.5985 -1.01203 -0.947071 0 18.1946 18.1946 63.5911 63.5911 140.793 
21.6526 21.6526 0 0.0528451 0.5985 -1.01982 -0.95988 0 18.1946 18.1946 66.778 66.778 140.793 
23.7868 23.7868 0 0.0408741 0.5985 -1.02593 -0.969444 0 0 18.1946 69.9652 69.9652 140.793 
25.8972 25.8972 0 0.0315402 0.5985 -1.03068 -0.97659 0 0 18.1946 73.1526 73.1526 140.793 
28.0134 28.0134 0 0.0242396 0.5985 -1.03435 -0.981942 0 0 18.1946 76.3401 76.3401 140.793 
30.1607 30.1607 0 0.0184964 0.5985 -1.03718 -0.985965 0 0 18.1946 79.5279 79.5279 140.793 
32.3455 32.3455 0 0.0139447 0.5985 -1.03937 -0.989002 0 0 18.1946 82.7158 82.7158 140.793 
34.5661 34.5661 0 0.0103071 0.5985 -1.04106 -0.991308 0 0 18.1946 85.9039 85.9039 140.793 
36.8275 36.8275 0 0.00737412 0.5985 -1.04237 -0.993069 0 0 18.1946 89.0921 89.0921 140.793 
39.1298 39.1298 0 0.00498824 0.5985 -1.0434 -0.994422 0 0 18.1946 92.2805 92.2805 140.793 
41.4755 41.4755 0 0.00303038 0.5985 -1.03439 -0.99547 0 0 18.1946 95.469 95.469 140.793 
0 41.4755 41.4755 0.00141018 0.5985 -1.00249 -0.986003 0 0 18.1946 98.6577 98.6577 140.793 
0 41.4755 41.4755 0.0148269 0.601349 -0.897667 -0.947423 0 0 18.1946 101.846 101.846 140.793 
0 41.4755 41.4755 0.0560259 0.609203 -0.782524 -0.787845 0 0 18.1946 105.035 105.035 140.793 
0 41.4755 41.4755 0.189787 0.641689 -0.733484 -0.304321 0 0 18.1946 108.224 108.224 140.793 
0 41.4755 41.4755 0.449813 0.74012 -0.728492 0.369799 0 0 18.1946 111.414 111.414 140.793 
0 41.4755 41.4755 0.647892 0.877352 -0.732878 0.761074 0 0 18.1946 114.603 114.603 140.793 
0 41.4755 41.4755 0.72327 0.957004 -0.72702 0.905152 0 0 18.1946 117.792 117.792 140.793 
0 41.4755 41.4755 0.748634 0.986334 -0.739109 0.949254 0 0 18.1946 120.982 120.982 140.793 
11.4443 11.4443 41.4755 0.757241 0.995312 -0.736578 0.941261 0 0 18.1946 124.171 124.171 140.793 
13.5856 13.5856 41.4755 0.755588 0.5985 -0.718443 0.931535 0 0 18.1946 127.361 127.361 140.793 
15.6734 15.6734 41.4755 0.753646 0.5985 -0.726602 0.919643 7.36575 7.36575 18.1946 130.55 130.55 140.793 
17.6818 17.6818 41.4755 0.751349 0.5985 -0.730695 0.905152 9.07275 9.07275 18.1946 133.74 133.74 140.793 
19.6103 19.6103 41.4755 0.748634 0.5985 -0.733074 0.887364 10.6847 10.6847 18.1946 136.93 136.93 140.793 
21.4614 21.4614 41.4755 0.745388 0.5985 -0.734424 0.865453 12.1659 12.1659 18.1946 0 136.93 136.93 
23.2375 23.2375 41.4755 0.741477 0.5985 -0.735368 0.838441 13.4992 13.4992 18.1946 0 136.93 136.93 
24.9413 24.9413 41.4755 0.736733 0.5985 -0.735242 0.805167 14.6567 14.6567 18.1946 0 136.93 136.93 
26.574 26.574 41.4755 0.730941 0.5985 -0.737287 0.76431 0 0 18.1946 0 136.93 136.93 
28.1383 28.1383 41.4755 0.723834 0.5985 -0.737734 0.714438 0 0 18.1946 0 136.93 136.93 
29.6378 29.6378 41.4755 0.715079 0.5985 -0.742838 0.654134 0 0 18.1946 0 136.93 136.93 
31.0796 31.0796 41.4755 0.704273 0.5985 -0.744073 0.577999 0 0 18.1946 0 136.93 136.93 
32.4697 32.4697 41.4755 0.690156 0.5985 -0.750256 0.487112 0 0 18.1946 15.8768 15.8768 136.93 
33.812 33.812 41.4755 0.672437 0.5985 -0.755595 0.380895 0 0 18.1946 19.0671 19.0671 136.93 
35.1096 35.1096 41.4755 0.650303 0.5985 -0.760672 0.26008 0 0 18.1946 22.2575 22.2575 136.93 
36.37 36.37 41.4755 0.622927 0.5985 -0.772449 0.127103 0 0 18.1946 25.448 25.448 136.93 
0 0 41.4755 0.589608 0.5985 -0.788823 -0.0137841 0 0 18.1946 28.6384 28.6384 136.93 
0 0 41.4755 0.549968 0.5985 -0.80395 -0.156883 0 0 18.1946 31.829 31.829 136.93 
0 0 41.4755 0.50418 0.5985 -0.819111 -0.295908 0 0 18.1946 35.0195 35.0195 136.93 
0 0 41.4755 0.453142 0.5985 -0.835974 -0.425077 0 0 18.1946 38.2101 38.2101 136.93 
0 0 41.4755 0.398528 0.5985 -0.855049 -0.540076 0 0 18.1946 41.4007 41.4007 136.93 
0 0 41.4755 0.342626 0.5985 -0.874482 -0.638544 0 0 18.1946 44.5914 44.5914 136.93 
0 0 41.4755 0.287991 0.5985 -0.893339 -0.720034 0 0 0 47.7821 47.7821 136.93 
37.8851 37.8851 41.4755 0.237 0.5985 -0.908769 -0.785572 0 0 0 50.9728 50.9728 136.93 
39.5971 39.5971 41.4755 0.191449 0.5985 -0.923746 -0.837076 0 0 0 54.1635 54.1635 136.93 
41.381 41.381 41.4755 0.152333 0.5985 -0.939765 -0.876832 0 0 0 57.3543 57.3543 136.93 
43.2337 43.2337 41.4755 0.119849 0.5985 -0.954018 -0.907111 0 0 0 60.5451 60.5451 136.93 
45.152 45.152 41.4755 0.0935731 0.5985 -0.957909 -0.929957 0 0 0 63.7359 63.7359 136.93 
47.133 47.133 41.4755 0.0727157 0.5985 -0.962693 -0.947089 0 0 0 66.9267 66.9267 136.93 
49.1736 49.1736 41.4755 0.0563544 0.5985 -0.958384 -0.959894 0 0 0 70.1176 70.1176 136.93 
51.2711 51.2711 41.4755 0.0436032 0.5985 -0.971345 -0.969454 0 0 0 73.3084 73.3084 136.93 
53.4227 53.4227 41.4755 0.0336661 0.5985 -0.998943 -0.976597 0 0 0 76.4993 76.4993 136.93 
55.5468 55.5468 41.4755 0.0258659 0.5985 -1.02251 -0.981948 0 0 0 79.6902 79.6902 136.93 
57.6657 57.6657 41.4755 0.0197674 0.5985 -1.03566 -0.985969 0 0 0 82.8811 82.8811 136.93 
59.7826 59.7826 41.4755 0.014901 0.5985 -1.04142 -0.989005 0 0 0 86.0721 86.0721 136.93 
61.9 61.9 41.4755 0.0109933 0.5985 -1.04512 -0.99131 0 0 0 89.263 89.263 136.93 
64.0202 64.0202 41.4755 0.00787196 0.5985 -1.04818 -0.993071 0 0 0 92.454 92.454 136.93 
66.1461 66.1461 41.4755 0.00533069 0.5985 -1.05059 -0.994424 0 0 0 95.645 95.645 136.93 
68.2785 68.2785 41.4755 0.00324384 0.5985 -1.03688 -0.995471 0 0 0 98.836 98.836 136.93 
0 68.2785 68.2785 0.00151572 0.5985 -0.978371 -0.983268 0 0 0 102.027 102.027 136.93 
0 68.2785 68.2785 0.0189171 0.601906 -0.820358 -0.921573 0 0 0 105.218 105.218 136.93 
0 68.2785 68.2785 0.0837866 0.614466 -0.713022 -0.630001 0 0 0 108.409 108.409 136.93 
0 68.2785 68.2785 0.30489 0.673821 -0.681211 0.0961039 0 0 0 111.6 111.6 136.93 
0 68.2785 68.2785 0.604737 0.821635 -0.674369 0.683232 0 0 0 114.791 114.791 136.93 
0 68.2785 68.2785 0.738149 0.941158 -0.672554 0.892714 0 0 0 117.982 117.982 136.93 
0 68.2785 68.2785 0.776497 0.983803 -0.672555 0.955847 0 0 0 121.173 121.173 136.93 
10.7318 10.7318 68.2785 0.789296 0.996655 -0.67274 0.955836 0 0 0 124.364 124.364 136.93 
12.7969 12.7969 68.2785 0.789293 0.5985 -0.672965 0.94923 0 0 0 127.555 127.555 136.93 
14.8731 14.8731 68.2785 0.787821 0.5985 -0.67658 0.941234 0 0 0 130.746 130.746 136.93 
16.9005 16.9005 68.2785 0.786092 0.5985 -0.690936 0.931504 0 0 0 133.938 133.938 136.93 
18.8694 18.8694 68.2785 0.784044 0.5985 -0.674003 0.919625 0 0 0 137.129 137.129 136.93 
20.7996 20.7996 68.2785 0.781631 0.5985 -0.674527 0.905152 0 0 0 140.32 140.32 136.93 
22.7302 22.7302 68.2785 0.77879 0.5985 -0.675185 0.887364 0 0 0 0 140.32 140.32 
24.6554 24.6554 68.2785 0.775395 0.5985 -0.676013 0.865453 0 0 0 0 140.32 140.32 
26.5781 26.5781 68.2785 0.771284 0.5985 -0.677064 0.838441 0 0 0 0 140.32 140.32 
28.5069 28.5069 68.2785 0.766302 0.5985 -0.678399 0.805167 0 0 0 0 140.32 140.32 
30.4352 30.4352 68.2785 0.760092 0.5985 -0.680102 0.76431 0 0 0 0 140.32 140.32 
32.3604 32.3604 68.2785 0.752264 0.5985 -0.682296 0.714438 0 0 0 0 140.32 140.32 
34.2766 34.2766 68.2785 0.743055 0.5985 -0.685243 0.653612 0 0 0 0 140.32 140.32 
36.1827 36.1827 68.2785 0.731897 0.5985 -0.689087 0.577429 0 0 0 0 140.32 140.32 
38.0766 38.0766 68.2785 0.717275 0.5985 -0.694102 0.4865 0 0 0 15.882 15.882 140.32 
39.9602 39.9602 68.2785 0.698188 0.5985 -0.700628 0.380254 0 0 0 19.0731 19.0731 140.32 
41.8208 41.8208 68.2785 0.674674 0.5985 -0.709077 0.259428 0 0 0 22.2643 22.2643 140.32 
43.6563 43.6563 68.2785 0.644057 0.5985 -0.719913 0.126462 0 0 0 25.4555 25.4555 140.32 
45.4742 45.4742 68.2785 0.611195 0.5985 -0.733622 -0.0143886 0 0 0 28.6466 28.6466 140.32 
47.2823 47.2823 68.2785 0.571643 0.5985 -0.750632 -0.15743 0 0 0 31.8378 31.8378 140.32 
49.0842 49.0842 68.2785 0.524297 0.5985 -0.771207 -0.29638 0 0 0 35.029 35.029 140.32 
50.9346 50.9346 68.2785 0.471247 0.5985 -0.795307 -0.425468 7.6162 7.6162 0 38.2202 38.2202 140.32 
52.8557 52.8557 68.2785 0.414447 0.5985 -0.822472 -0.540386 9.79406 9.79406 0 41.4114 41.4114 140.32 
54.8373 54.8373 68.2785 0.356308 0.5985 -0.851771 -0.638781 0 9.79406 9.79406 44.6025 44.6025 140.32 
56.877 56.877 68.2785 0.299491 0.5985 -0.8819 -0.72021 0 9.79406 9.79406 47.7937 47.7937 140.32 
58.9723 58.9723 68.2785 0.246464 0.5985 -0.911397 -0.785699 0 9.79406 9.79406 50.9849 50.9849 140.32 
61.1208 61.1208 68.2785 0.199096 0.5985 -0.938928 -0.837167 0 9.79406 9.79406 54.1761 54.1761 140.32 
63.3202 63.3202 68.2785 0.15842 0.5985 -0.963513 -0.876895 0 9.79406 9.79406 57.3673 57.3673 140.32 
65.5683 65.5683 68.2785 0.124641 0.5985 -0.984634 -0.907155 0 9.79406 9.79406 60.5585 60.5585 140.32 
67.8627 67.8627 68.2785 0.0973176 0.5985 -1.0022 -0.929987 0 9.79406 9.79406 63.7497 63.7497 140.32 
70.2013 70.2013 68.2785 0.0756254 0.5985 -1.01645 -0.947109 0 9.79406 9.79406 66.9409 66.9409 140.32 
72.582 72.582 68.2785 0.0586096 0.5985 -1.02778 -0.959907 0 0 9.79406 70.1321 70.1321 140.32 
75.0028 75.0028 68.2785 0.0453339 0.5985 -1.03666 -0.969463 0 0 9.79406 73.3233 73.3233 140.32 
77.4618 77.4618 68.2785 0.0349823 0.5985 -1.04357 -0.976604 0 0 9.79406 76.5145 76.5145 140.32 
79.9572 79.9572 68.2785 0.0268853 0.5985 -1.04891 -0.981952 0 0 9.79406 79.7057 79.7057 140.32 
82.4872 82.4872 68.2785 0.0205153 0.5985 -1.05302 -0.985972 0 0 9.79406 82.8969 82.8969 140.32 
85.05 85.05 68.2785 0.0154689 0.5985 -1.0562 -0.989007 0 0 9.79406 86.0881 86.0881 140.32 
87.6442 87.6442 68.2785 0.0114466 0.5985 -1.05866 -0.991312 0 0 9.79406 89.2793 89.2793 140.32 
90.2589 90.2589 68.2785 0.00817825 0.5985 -1.06057 -0.993072 0 0 9.79406 92.4706 92.4706 140.32 
92.8907 92.8907 68.2785 0.00553155 0.5985 -1.04895 -0.994424 0 0 9.79406 95.6618 95.6618 140.32 
0 92.8907 92.8907 0.0033596 0.5985 -1.00254 -0.986003 0 0 9.79406 98.853 98.853 140.32 
0 92.8907 92.8907 0.0159764 0.601349 -0.869553 -0.947423 0 0 9.79406 102.044 102.044 140.32 
0 92.8907 92.8907 0.0603693 0.609203 -0.723483 -0.787845 0 0 9.79406 105.235 105.235 140.32 
0 92.8907 92.8907 0.2045 0.641689 -0.659927 -0.304321 0 0 9.79406 108.427 108.427 140.32 
0 92.8907 92.8907 0.484684 0.74012 -0.641986 0.369799 0 0 9.79406 111.618 111.618 140.32 
0 92.8907 92.8907 0.698119 0.877352 -0.636974 0.761074 0 0 9.79406 114.809 114.809 140.32 
0 92.8907 92.8907 0.779341 0.957004 -0.635362 0.905152 0 0 9.79406 118 118 140.32 
0 92.8907 92.8907 0.806671 0.986334 -0.635574 0.955846 0 0 9.79406 121.192 121.192 140.32 
13.1876 13.1876 92.8907 0.817469 0.996654 -0.635833 0.949055 0 0 9.79406 124.383 124.383 140.32 
15.6226 15.6226 92.8907 0.8159 0.5985 -0.638854 0.940794 0 0 9.79406 127.574 127.574 140.32 
18.0104 18.0104 92.8907 0.814062 0.5985 -0.63655 0.930689 0 0 9.79406 130.765 130.765 140.32 
20.3621 20.3621 92.8907 0.811893 0.5985 -0.637042 0.918264 0 0 9.79406 133.956 133.956 140.32 
22.678 22.678 92.8907 0.809315 0.5985 -0.637659 0.903074 0 0 9.79406 137.148 137.148 140.32 
24.96 24.96 92.8907 0.806258 0.5985 -0.63871 0.884313 0 0 9.79406 140.339 140.339 140.32 
27.1968 27.1968 92.8907 0.802582 0.5985 -0.641163 0.861099 0 0 9.79406 0 140.339 140.339 
29.3871 29.3871 92.8907 0.798131 0.5985 -0.640677 0.832369 0 0 9.79406 0 140.339 140.339 
31.526 31.526 92.8907 0.792706 0.5985 -0.642955 0.796886 0 0 9.79406 0 140.339 140.339 
33.6081 33.6081 92.8907 0.786056 0.5985 -0.644323 0.75327 0 0 9.79406 0 140.339 140.339 
35.6229 35.6229 92.8907 0.777872 0.5985 -0.64709 0.7001 0 0 9.79406 0 140.339 140.339 
37.5808 37.5808 92.8907 0.767774 0.5985 -0.650746 0.632384 0 0 9.79406 0 140.339 140.339 
39.4783 39.4783 92.8907 0.75459 0.5985 -0.655548 0.549623 0 0 9.79406 0 140.339 140.339 
41.3157 41.3157 92.8907 0.737816 0.5985 -0.661852 0.451029 0 0 9.79406 0 140.339 140.339 
43.0995 43.0995 92.8907 0.716664 0.5985 -0.670099 0.336409 0 0 9.79406 15.8824 15.8824 140.339 
44.8491 44.8491 92.8907 0.69017 0.5985 -0.680811 0.207191 0 0 9.79406 19.0737 19.0737 140.339 
46.563 46.563 92.8907 0.657404 0.5985 -0.694758 0.0667882 0 0 9.79406 22.2649 22.2649 140.339 
48.2546 48.2546 92.8907 0.617672 0.5985 -0.711924 -0.0794819 0 0 9.79406 25.4561 25.4561 140.339 
49.9451 49.9451 92.8907 0.570772 0.5985 -0.733331 -0.225059 7.06563 7.06563 9.79406 28.6473 28.6473 140.339 
51.6553 51.6553 92.8907 0.517263 0.5985 -0.759581 -0.363276 9.61689 9.61689 9.79406 31.8386 31.8386 140.339 
53.3916 53.3916 92.8907 0.458622 0.5985 -0.792616 -0.488585 12.2772 12.2772 9.79406 35.0298 35.0298 140.339 
55.208 55.208 92.8907 0.397184 0.5985 -0.822728 -0.597404 14.8933 14.8933 9.79406 38.221 38.221 140.339 
57.0895 57.0895 92.8907 0.335829 0.5985 -0.855219 -0.688354 17.4256 17.4256 9.79406 41.4123 41.4123 140.339 
59.0335 59.0335 92.8907 0.277477 0.5985 -0.889359 -0.761934 0 17.4256 17.4256 44.6035 44.6035 140.339 
61.0375 61.0375 92.8907 0.224545 0.5985 -0.921724 -0.819898 0 17.4256 17.4256 47.7947 47.7947 140.339 
63.099 63.099 92.8907 0.178579 0.5985 -0.950972 -0.864617 0 17.4256 17.4256 50.986 50.986 140.339 
65.2155 65.2155 92.8907 0.140141 0.5985 -0.976296 -0.898582 0 17.4256 17.4256 54.1772 54.1772 140.339 
67.3845 67.3845 92.8907 0.108961 0.5985 -0.997449 -0.92409 0 17.4256 17.4256 57.3684 57.3684 140.339 
69.6037 69.6037 92.8907 0.0842271 0.5985 -1.01461 -0.943107 0 17.4256 17.4256 60.5596 60.5596 140.339 
71.8707 71.8707 92.8907 0.0648896 0.5985 -1.02824 -0.957223 0 17.4256 17.4256 63.7509 63.7509 140.339 
74.1833 74.1833 92.8907 0.0498845 0.5985 -1.03889 -0.967685 0 17.4256 17.4256 66.9421 66.9421 140.339 
76.5393 76.5393 92.8907 0.0382619 0.5985 -1.04712 -0.975442 8.9945 8.9945 17.4256 70.1333 70.1333 140.339 
78.8657 78.8657 92.8907 0.0292366 0.5985 -1.05345 -0.981206 10.0146 10.0146 17.4256 73.3246 73.3246 140.339 
81.1718 81.1718 92.8907 0.0221888 0.5985 -1.0583 -0.985503 10.82 10.82 17.4256 76.5158 76.5158 140.339 
83.4777 83.4777 92.8907 0.0166436 0.5985 -1.06202 -0.988723 0 0 17.4256 79.707 79.707 140.339 
85.8004 85.8004 92.8907 0.0122438 0.5985 -1.06487 -0.991148 0 0 17.4256 82.8983 82.8983 140.339 
88.1406 88.1406 92.8907 0.00871665 0.5985 -1.06707 -0.992986 0 0 17.4256 86.0895 86.0895 140.339 
90.5025 90.5025 92.8907 0.00586584 0.5985 -1.06769 -0.994389 0 0 17.4256 89.2807 89.2807 140.339 
92.8884 92.8884 92.8907 0.00353941 0.5985 -1.06748 -0.995468 0 0 17.4256 92.472 92.472 140.339 
95.2985 95.2985 92.8907 0.00162409 0.5985 -1.05308 -0.99547 0 0 17.4256 95.6632 95.6632 140.339 
0 95.2985 95.2985 0.00162149 0.5985 -1.00157 -0.986003 0 0 17.4256 98.8544 98.8544 140.339 
0 95.2985 95.2985 0.0160302 0.601349 -0.868149 -0.947423 0 0 17.4256 102.046 102.046 140.339 
0 95.2985 95.2985 0.0605734 0.609203 -0.721119 -0.787845 0 0 17.4256 105.237 105.237 140.339 
0 95.2985 95.2985 0.205189 0.641689 -0.656909 -0.304321 0 0 17.4256 108.428 108.428 140.339 
0 95.2985 95.2985 0.486317 0.74012 -0.63867 0.369799 0 0 17.4256 111.619 111.619 140.339 
0 95.2985 95.2985 0.700471 0.877352 -0.633352 0.761074 0 0 17.4256 114.811 114.811 140.339 
0 95.2985 95.2985 0.781966 0.957004 -0.631931 0.905152 0 0 17.4256 118.002 118.002 140.339 
0 95.2985 95.2985 0.809389 0.986334 -0.632185 0.949254 0 0 17.4256 121.193 121.193 140.339 
12.1789 12.1789 95.2985 0.818694 0.995312 -0.632495 0.941261 0 0 17.4256 124.384 124.384 140.339 
14.4331 14.4331 95.2985 0.816907 0.5985 -0.632879 0.931535 0 0 17.4256 127.576 127.576 140.339 
16.6441 16.6441 95.2985 0.814808 0.5985 -0.633356 0.919643 0 0 17.4256 130.767 130.767 140.339 
18.8051 18.8051 95.2985 0.812325 0.5985 -0.633947 0.905034 0 0 17.4256 133.958 133.958 140.339 
20.9155 20.9155 95.2985 0.809366 0.5985 -0.634689 0.887184 0 0 17.4256 137.149 137.149 140.339 
22.9728 22.9728 95.2985 0.805844 0.5985 -0.635626 0.865176 0 0 17.4256 0 137.149 137.149 
24.9795 24.9795 95.2985 0.801586 0.5985 -0.636815 0.838012 0 0 17.4256 0 137.149 137.149 
26.9382 26.9382 95.2985 0.796431 0.5985 -0.63833 0.804505 0 0 17.4256 0 137.149 137.149 
28.8497 28.8497 95.2985 0.790128 0.5985 -0.640267 0.76329 0 0 17.4256 0 137.149 137.149 
30.7046 30.7046 95.2985 0.782384 0.5985 -0.642749 0.712875 0 0 17.4256 0 137.149 137.149 
32.5016 32.5016 95.2985 0.772812 0.5985 -0.645957 0.651759 0 0 17.4256 0 137.149 137.149 
34.2406 34.2406 95.2985 0.760961 0.5985 -0.650271 0.578015 0 0 17.4256 0 137.149 137.149 
35.9352 35.9352 95.2985 0.746168 0.5985 -0.6559 0.487146 0 0 17.4256 15.8825 15.8825 137.149 
37.5834 37.5834 95.2985 0.727016 0.5985 -0.663226 0.38095 0 0 17.4256 19.0737 19.0737 137.149 
39.1945 39.1945 95.2985 0.703091 0.5985 -0.676617 0.260156 0 0 17.4256 22.2649 22.2649 137.149 
40.7826 40.7826 95.2985 0.6735 0.5985 -0.700169 0.127199 0 0 17.4256 25.4562 25.4562 137.149 
42.3859 42.3859 95.2985 0.637485 0.5985 -0.713874 -0.0136714 0 0 17.4256 28.6474 28.6474 137.149 
44.0095 44.0095 95.2985 0.594637 0.5985 -0.730581 -0.156761 0 0 17.4256 31.8386 31.8386 137.149 
45.7101 45.7101 95.2985 0.545141 0.5985 -0.745091 -0.295783 11.9489 11.9489 17.4256 35.0299 35.0299 137.149 
47.4798 47.4798 95.2985 0.489969 0.5985 -0.77682 -0.424957 14.0785 14.0785 17.4256 38.2211 38.2211 137.149 
49.3178 49.3178 95.2985 0.430929 0.5985 -0.805586 -0.539966 16.114 16.114 17.4256 41.4123 41.4123 137.149 
51.2208 51.2208 95.2985 0.370493 0.5985 -0.835223 -0.638448 18.0448 18.0448 17.4256 44.6036 44.6036 137.149 
53.1859 53.1859 95.2985 0.311424 0.5985 -0.865409 -0.719954 0 18.0448 18.0448 47.7948 47.7948 137.149 
55.2106 55.2106 95.2985 0.256293 0.5985 -0.895799 -0.785506 0 18.0448 18.0448 50.986 50.986 137.149 
57.2922 57.2922 95.2985 0.207039 0.5985 -0.921253 -0.837024 0 18.0448 18.0448 54.1773 54.1773 137.149 
59.4043 59.4043 95.2985 0.164742 0.5985 -0.940563 -0.876791 0 18.0448 18.0448 57.3685 57.3685 137.149 
61.538 61.538 95.2985 0.129614 0.5985 -0.970269 -0.90708 0 18.0448 18.0448 60.5597 60.5597 137.149 
63.588 63.588 95.2985 0.101199 0.5985 -0.986877 -0.929933 0 18.0448 18.0448 63.751 63.751 137.149 
65.5766 65.5766 95.2985 0.0786417 0.5985 -0.982106 -0.947071 0 18.0448 18.0448 66.9422 66.9422 137.149 
67.5006 67.5006 95.2985 0.0609455 0.5985 -0.985004 -0.95988 0 0 18.0448 70.1334 70.1334 137.149 
69.3645 69.3645 95.2985 0.0471394 0.5985 -1.004 -0.969444 0 0 18.0448 73.3247 73.3247 137.149 
71.1889 71.1889 95.2985 0.0363746 0.5985 -1.02778 -0.97659 0 0 18.0448 76.5159 76.5159 137.149 
72.9778 72.9778 95.2985 0.027955 0.5985 -1.04201 -0.981942 0 0 18.0448 79.7071 79.7071 137.149 
74.7491 74.7491 95.2985 0.0213315 0.5985 -1.04957 -0.985965 0 0 18.0448 82.8984 82.8984 137.149 
76.5175 76.5175 95.2985 0.0160822 0.5985 -1.05554 -0.989002 0 0 18.0448 86.0896 86.0896 137.149 
78.2833 78.2833 95.2985 0.0118869 0.5985 -1.05991 -0.991308 0 0 18.0448 89.2808 89.2808 137.149 
80.0517 80.0517 95.2985 0.0085044 0.5985 -1.06424 -0.993069 0 0 18.0448 92.4721 92.4721 137.149 
81.8278 81.8278 95.2985 0.00575282 0.5985 -1.06661 -0.994422 0 0 18.0448 95.6633 95.6633 137.149 
83.6145 83.6145 95.2985 0.00349487 0.5985 -1.04849 -0.99547 0 0 18.0448 98.8546 98.8546 137.149 
0 83.6145 83.6145 0.00162632 0.5985 -0.972343 -0.983263 0 0 18.0448 102.046 102.046 137.149 
0 83.6145 83.6145 0.019318 0.601907 -0.807241 -0.921548 0 0 18.0448 105.237 105.237 137.149 
0 83.6145 83.6145 0.0856228 0.614471 -0.692072 -0.629901 0 0 18.0448 108.428 108.428 137.149 
0 83.6145 83.6145 0.311694 0.673842 -0.658641 0.096263 0 0 18.0448 111.619 111.619 137.149 
0 83.6145 83.6145 0.618278 0.821668 -0.651321 0.683311 0 0 18.0448 114.811 114.811 137.149 
0 83.6145 83.6145 0.754619 0.941174 -0.649379 0.892741 0 0 18.0448 118.002 118.002 137.149 
0 83.6145 83.6145 0.793784 0.983808 -0.64938 0.955857 0 0 18.0448 121.193 121.193 137.149 
8.89371 8.89371 83.6145 0.80686 0.996657 -0.649578 0.955846 0 0 18.0448 124.384 124.384 137.149 
10.5457 10.5457 83.6145 0.806858 0.5985 -0.649819 0.949241 0 0 18.0448 127.576 127.576 137.149 
12.1701 12.1701 83.6145 0.805349 0.5985 -0.660984 0.941247 0 0 18.0448 130.767 130.767 137.149 
13.7708 13.7708 83.6145 0.803579 0.5985 -0.667621 0.931519 0 0 18.0448 133.958 133.958 137.149 
15.3136 15.3136 83.6145 0.801513 0.5985 -0.652397 0.919625 0 0 18.0448 137.149 137.149 137.149 
16.7919 16.7919 83.6145 0.799071 0.5985 -0.651489 0.905171 7.21994 7.21994 18.0448 140.341 140.341 137.149 
18.2085 18.2085 83.6145 0.796201 0.5985 -0.65219 0.887424 8.6187 8.6187 18.0448 143.532 143.532 137.149 
19.565 19.565 83.6145 0.792742 0.5985 -0.653072 0.865595 0 0 18.0448 0 143.532 143.532 
20.8634 20.8634 83.6145 0.78859 0.5985 -0.654186 0.838737 0 0 18.0448 0 143.532 143.532 
22.0948 22.0948 83.6145 0.783568 0.5985 -0.655596 0.80575 0 0 18.0448 0 143.532 143.532 
0 0 83.6145 0.777456 0.5985 -0.657383 0.765406 0 0 18.0448 0 143.532 143.532 
0 0 83.6145 0.769999 0.5985 -0.659785 0.716432 0 0 18.0448 0 143.532 143.532 
0 0 83.6145 0.760834 0.5985 -0.662935 0.654134 0 0 18.0448 0 143.532 143.532 
0 0 83.6145 0.74891 0.5985 -0.667043 0.578015 0 0 18.0448 0 143.532 143.532 
0 0 83.6145 0.733968 0.5985 -0.672404 0.487146 0 0 18.0448 0 143.532 143.532 
0 0 83.6145 0.715116 0.5985 -0.679381 0.38095 0 0 18.0448 15.8825 15.8825 143.532 
0 0 83.6145 0.691381 0.5985 -0.688414 0.260156 0 0 18.0448 19.0737 19.0737 143.532 
0 0 83.6145 0.662116 0.5985 -0.700001 0.127199 0 0 18.0448 22.2649 22.2649 143.532 
0 0 83.6145 0.626895 0.5985 -0.714661 -0.0136714 0 0 18.0448 25.4562 25.4562 143.532 
0 0 83.6145 0.584891 0.5985 -0.732854 -0.156761 0 0 18.0448 28.6474 28.6474 143.532 
0 0 83.6145 0.536238 0.5985 -0.754863 -0.295783 0 0 18.0448 31.8386 31.8386 143.532 
0 0 83.6145 0.481977 0.5985 -0.780649 -0.424957 0 0 18.0448 35.0299 35.0299 143.532 
0 0 83.6145 0.423905 0.5985 -0.809717 -0.539966 0 0 18.0448 38.2211 38.2211 143.532 
0 0 83.6145 0.364459 0.5985 -0.841075 -0.638448 0 0 18.0448 41.4123 41.4123 143.532 
0 0 83.6145 0.306353 0.5985 -0.873327 -0.719954 0 0 0 44.6036 44.6036 143.532 
0 0 83.6145 0.252119 0.5985 -0.904907 -0.785506 0 0 0 47.7948 47.7948 143.532 
0 0 83.6145 0.203667 0.5985 -0.934384 -0.837024 0 0 0 50.986 50.986 143.532 
0 0 83.6145 0.162058 0.5985 -0.960711 -0.876791 0 0 0 54.1773 54.1773 143.532 
0 0 83.6145 0.127502 0.5985 -0.983329 -0.90708 0 0 0 57.3685 57.3685 143.532 
23.94 23.94 83.6145 0.0995502 0.5985 -1.00215 -0.929933 0 0 0 60.5598 60.5598 143.532 
25.7988 25.7988 83.6145 0.0773594 0.5985 -1.0174 -0.947071 0 0 0 63.751 63.751 143.532 
27.6772 27.6772 83.6145 0.0599519 0.5985 -1.02953 -0.95988 0 0 0 66.9422 66.9422 143.532 
29.5395 29.5395 83.6145 0.046371 0.5985 -1.03905 -0.969444 0 0 0 70.1335 70.1335 143.532 
31.4014 31.4014 83.6145 0.0357819 0.5985 -1.04644 -0.97659 0 0 0 73.3247 73.3247 143.532 
33.2619 33.2619 83.6145 0.0274994 0.5985 -1.05216 -0.981942 0 0 0 76.5159 76.5159 143.532 
35.1301 35.1301 83.6145 0.0209839 0.5985 -1.05657 -0.985965 0 0 0 79.7072 79.7072 143.532 
37.0071 37.0071 83.6145 0.0158282 0.5985 -1.05998 -0.989002 0 0 0 82.8984 82.8984 143.532 
38.8952 38.8952 83.6145 0.0117068 0.5985 -1.06261 -0.991308 0 0 0 86.0896 86.0896 143.532 
40.7956 40.7956 83.6145 0.00836652 0.5985 -1.06465 -0.993069 0 0 0 89.2809 89.2809 143.532 
42.7098 42.7098 83.6145 0.00565908 0.5985 -1.06625 -0.994422 0 0 0 92.4721 92.4721 143.532 
44.6379 44.6379 83.6145 0.00343792 0.5985 -1.05222 -0.99547 0 0 0 95.6633 95.6633 143.532 
0 44.6379 44.6379 0.00159982 0.5985 -1.00255 -0.986003 0 0 0 98.8546 98.8546 143.532 
0 44.6379 44.6379 0.0148976 0.601349 -0.895944 -0.947423 0 0 0 102.046 102.046 143.532 
0 44.6379 44.6379 0.056293 0.609203 -0.778892 -0.787845 0 0 0 105.237 105.237 143.532 
0 44.6379 44.6379 0.190692 0.641689 -0.727963 -0.304321 0 0 0 108.428 108.428 143.532 
0 44.6379 44.6379 0.451958 0.74012 -0.721821 0.369799 0 0 0 111.62 111.62 143.532 
0 44.6379 44.6379 0.650981 0.877352 -0.723904 0.761074 0 0 0 114.811 114.811 143.532 
0 44.6379 44.6379 0.726718 0.957004 -0.71586 0.905152 0 0 0 118.002 118.002 143.532 
0 44.6379 44.6379 0.752204 0.986334 -0.714606 0.949254 0 0 0 121.193 121.193 143.532 
