215.144
215.144
215.144
215.144
215.144
215.144
215.144
215.176
215.176
215.176
215.176
203.432
203.432
203.432
179.258
179.258
179.258
179.258
150.452
150.452
150.452
150.452
116.129
116.129
116.129
116.129
99.9291
99.9291
99.9291
73.0718
73.0718
73.0718
73.0718
58.5263
58.5263
58.5325
58.5325
82.9804
82.9804
82.9804
82.9804
107.014
107.014
107.014
128.847
128.847
128.847
128.847
148.142
148.142
148.142
148.142
167.73
167.73
167.73
167.73
191.385
191.245
191.245
215.16
215.16
215.16
215.16
237.534
237.534
237.534
237.534
220.408
220.408
220.408
220.408
198.436
198.436
198.436
179.201
179.201
179.201
179.201
157.742
157.742
157.742
157.742
135.749
135.749
135.749
135.749
111.924
111.924
111.924
90.1768
90.1768
90.1768
90.1768
73.0048
73.0048
73.0048
73.0048
56.0979
56.0979
56.0979
56.0979
87.8416
87.8416
87.8416
114.529
114.529
114.529
114.529
145.392
145.392
145.392
145.392
145.39
145.39
145.39
145.39
128.446
128.446
128.446
106.822
106.822
106.822
106.822
85
85
85
85
80.3381
80.3381
80.3381
80.3381
78.1418
78.1418
78.1418
78.103
78.103
78.103
78.103
80.1294
80.1294
80.1294
80.1294
102.238
102.238
102.238
102.238
104.589
104.589
104.589
99.9074
