323.071
323.071
323.071
323.071
323.071
323.071
323.071
311
311
311
292.071
292.071
292.071
292.071
258.317
258.317
258.317
258.571
224.55
224.55
224.55
224.55
203.5
203.5
203.155
181
181
181
181
167
167
190.012
190.012
190.012
190.012
234
234
234
234
259
259
259
259
299.733
299.733
299.733
319
319
319
319
342.651
342.569
342.569
342.569
326.441
326.441
326.441
326.441
307
307
307
280.317
280.317
280.317
280.317
263.5
263.928
263.928
263.928
237.343
237.343
237.343
237.343
220.072
220.072
220.072
198.091
198.091
198.091
198.091
184
184
184
184
164.317
164.5
164.5
164.5
193.071
193.071
193.071
224.5
224.5
224.5
224.5
252.5
252.5
252.5
252.5
232.317
232.317
232.317
215.317
215.317
215.317
215.317
188.067
188.067
188.067
188.067
187.5
187.5
188
188
188.072
188.072
188.398
188.398
208.288
208
208
208
210.288
210.288
210.288
207.906
