217.49
217.49
217.49
217.49
217.49
217.49
217.49
217.904
217.904
217.904
217.904
203.629
203.629
203.629
184.421
184.421
184.421
184.421
153.201
153.201
153.201
153.201
119.117
119.117
119.117
119.117
97.4266
97.4266
97.4266
73.1297
73.1297
73.1297
73.1297
59.3927
59.3927
59.3927
59.3927
85.2519
85.2519
85.2519
85.2519
104.544
104.544
104.574
123.689
123.689
123.689
123.689
148.403
148.403
148.403
148.403
170.094
170.094
170.094
170.094
191.673
191.673
191.673
213.297
213.297
213.297
213.297
237.318
237.379
237.379
237.379
220.962
220.962
220.962
220.962
198.706
198.706
198.706
179.137
179.137
179.137
179.137
155.758
155.758
155.758
155.758
135.591
135.591
135.591
135.591
109.746
109.746
109.746
93.0035
93.0035
93.0035
93.0035
75.4514
75.4514
75.4514
75.4514
61.3123
61.3123
61.3123
61.3123
85.2464
85.2464
85.2464
119.192
119.192
119.192
119.192
148.427
148.484
148.484
148.484
145.914
145.914
145.914
145.862
126.582
126.483
126.483
106.536
106.536
106.536
106.536
80.7437
80.7437
80.7437
80.7437
78.4837
78.4837
78.4847
78.4847
82.5269
82.5269
82.5269
78.6379
78.6379
78.6379
78.6379
82.6414
82.6414
82.6414
82.6414
104.45
104.45
104.45
104.45
104.454
104.454
104.454
102.548
