65.2262
65.2262
65.2262
65.2262
65.2262
65.2262
65.2262
73
73
73
87.2262
87.2262
87.2262
87.2262
109.55
109.55
109.55
109.81
134.317
134.317
134.317
134.317
151.088
151.088
151.163
166.733
166.733
166.733
166.733
173.5
173.5
194.173
194.173
194.173
194.173
218
218
218
218
233
233
233
233
264
264
264
280
280
280
280
300.175
300.569
300.569
300.569
309.045
309.045
309.045
309.045
322.733
322.733
322.733
337.55
337.55
337.55
337.55
352.5
352.551
352.551
352.551
370.315
370.315
370.315
370.315
383.551
383.551
383.551
401.144
401.144
401.144
401.144
412.606
412.606
412.606
412.606
423.55
423.5
423.5
423.5
442.226
442.226
442.226
468.5
468.5
468.5
468.5
512.275
512.275
512.275
512.275
510.55
510.55
510.55
508.55
508.55
508.55
508.55
512.307
512.307
512.307
512.307
539.5
539.5
540
540
565.551
565.551
565.419
565.419
574.288
574.359
574.359
574.359
584.288
584.288
584.288
601.626
