67.2062
67.2062
67.2062
67.2062
67.2062
67.2062
67.2062
67.2309
67.2309
67.2309
67.2309
72.448
72.448
72.448
87.6695
87.6695
87.6695
87.6695
109.783
109.783
109.783
109.783
130.368
130.368
130.368
130.368
151.253
151.253
151.253
166.513
166.513
166.513
166.513
173.605
173.605
173.552
173.552
190.363
190.363
190.363
190.363
206.163
206.163
206.163
219.455
219.455
219.455
219.455
233.336
233.336
233.336
233.336
250.511
250.511
250.511
250.511
260.731
260.724
260.724
279.705
279.705
279.705
279.705
300.338
300.338
300.338
300.338
310.319
310.319
310.319
310.319
322.241
322.241
322.241
337.902
337.902
337.902
337.902
355.004
355.004
355.004
355.004
368.533
368.533
368.533
368.533
385.938
385.938
385.938
399.321
399.321
399.321
399.321
411.231
411.231
411.231
411.231
421.767
421.767
421.767
421.767
444.097
444.097
444.097
464.434
464.434
464.434
464.434
481.598
481.598
481.598
481.598
509.022
509.022
509.022
509.022
507.514
507.514
507.514
509.051
509.051
509.051
509.051
509.069
509.069
509.069
509.069
538.05
538.05
538.05
538.05
551.97
551.97
551.97
563.664
563.664
563.664
563.664
572.368
572.368
572.368
572.368
572.38
572.38
572.38
572.38
586.16
586.16
586.16
599.648
