115.927
115.927
115.927
115.927
115.927
115.927
115.927
116.017
116.017
116.017
116.017
124.698
124.698
124.698
140.01
140.01
140.01
140.01
157.289
157.289
157.289
157.289
185.136
185.136
185.136
185.136
198.672
198.672
198.672
215.764
215.764
215.764
215.764
222.609
222.609
222.609
222.609
240.969
240.969
240.969
240.969
253.6
253.6
253.618
270.482
270.482
270.482
270.482
279.119
279.119
279.119
279.119
295.898
295.898
295.898
295.898
311.152
311.152
311.152
326.795
326.795
326.795
326.795
347.404
347.5
347.5
347.5
356.312
356.312
356.312
356.312
374.798
374.798
374.798
386.971
386.971
386.971
386.971
403.9
403.9
403.9
403.9
420.794
420.794
420.794
420.794
433.34
433.34
433.34
448.416
448.416
448.416
448.416
461.994
461.994
461.994
461.994
470.718
470.718
470.718
470.718
491.416
491.416
491.416
513.33
513.33
513.33
513.33
530.731
530.696
530.696
530.696
558.364
558.364
558.364
558.397
558.264
558.284
558.284
559.524
559.524
559.524
559.524
559.754
559.754
559.754
559.754
588.996
588.996
588.875
588.875
602.559
602.559
602.559
611.226
611.226
611.226
611.226
622.998
622.998
622.998
622.998
622.912
622.912
622.912
622.912
636.279
636.279
636.279
650.633
