-4.89982e-05 
-8.64923e-05 
-3.16529e-05 
3.68945e-05 
4.83315e-05 
6.55896e-05 
-1.19325e-05 
9.92496e-05 
-8.70755e-05 
-1.79104e-05 
-5.29991e-05 
5.08026e-05 
-1.98318e-05 
-8.64178e-06 
-9.86118e-05 
-8.49652e-05 
7.58699e-05 
7.68281e-05 
-3.98379e-05 
7.40863e-05 
7.83923e-05 
5.70325e-05 
-8.27852e-05 
-2.09951e-06 
-1.27382e-05 
-3.06134e-05 
-1.05766e-05 
-1.06848e-05 
8.10758e-05 
-8.31847e-05 
5.24775e-05 
-6.79224e-05 
-6.9677e-05 
-7.91754e-05 
6.8972e-05 
7.86545e-05 
8.64142e-05 
-4.29605e-05 
7.79041e-05 
9.93386e-05 
3.91291e-05 
-7.5095e-05 
5.01413e-05 
-8.07027e-05 
1.62633e-05 
5.15294e-05 
-6.56679e-05 
-7.86686e-06 
2.83575e-05 
-5.50582e-06 
-3.37806e-05 
6.74978e-06 
-4.84733e-05 
-1.65658e-05 
-9.53497e-05 
3.87884e-05 
5.28208e-05 
-5.92631e-06 
-7.18964e-05 
3.38966e-05 
1.0889e-05 
8.05811e-05 
6.59742e-05 
4.1212e-05 
-9.85944e-05 
3.49462e-05 
1.98665e-05 
8.78198e-05 
9.19857e-05 
-2.22938e-06 
