0 
0 
-0.280872 
-0.407933 
0.133385 
0.104729 
-0.180049 
-0.452583 
0 
0.347015 
0.172395 
-0.200054 
-0.323304 
0.0572754 
-0.303152 
0.4122 
0.379818 
0.358109 
0.469179 
-0.1491 
-0.265692 
0.425538 
-0.136067 
0.0546737 
0.206254 
0.262382 
0.0886803 
0 
0.265376 
0.484827 
0 
-0.310469 
0.243365 
0.308146 
0 
0 
-0.297602 
0 
-0.063294 
-0.476329 
-0.413004 
0 
0.405145 
0.400325 
-0.114425 
0.229855 
-0.245618 
0.297954 
0.117309 
-0.0416281 
-0.443167 
0 
-0.114985 
0 
-0.435903 
0.101252 
0 
0.0452145 
-0.0336788 
0.279301 
0.444176 
0.358822 
0 
0 
0.187564 
-0.0300961 
-0.13085 
0.0462123 
0.0142221 
0.191972 
