0.2
0.36
0.488
0.5904
0.67232
0.737856
0.790285
0.832228
0.865782
0.892626
0.914101
0.931281
0.945024
0.95602
0.964816
0.971853
0.977482
0.981986
0.985588
0.988471
0.990777
0.992621
0.994097
0.995278
0.996222
0.996978
0.997582
0.998066
0.998453
0.998762
0.99901
0.999208
0.613648
0.46753
0.247002
-0.00239807
-0.161978
-0.329583
-0.463666
-0.570933
-0.656746
-0.725397
-0.780318
-0.824254
-0.859403
-0.887523
-0.910018
-0.928014
-0.942412
-0.953929
-0.963143
-0.970515
-0.976412
-0.981129
-0.984904
-0.987923
-0.990338
-0.992271
-0.993816
-0.995053
-0.996043
-0.996834
-0.997467
-0.997974
-0.998379
-0.998703
-0.998963
-0.99917
-0.999336
-0.999469
-0.999575
-0.99966
-0.999728
-0.999782
-0.999826
-0.999861
-0.982771
-0.586217
-0.268974
-0.0151789
0.187857
0.350286
0.480228
0.584183
0.667346
0.733877
0.787102
0.588835
0.271068
0.0168545
-0.176998
-0.341598
-0.473279
-0.578623
-0.662898
-0.730319
-0.784255
-0.827404
-0.861923
-0.889539
-0.911631
-0.929305
-0.943444
-0.954755
-0.963804
-0.971043
-0.976835
-0.981468
-0.985174
-0.988139
-0.990511
-0.992409
-0.993927
-0.995142
-0.996113
-0.996891
-0.997513
-0.99801
-0.998408
-0.998726
-0.998981
-0.999185
-0.999348
-0.999478
-0.999583
-0.999666
-0.999733
-0.999786
-0.999829
-0.999863
-0.999891
-0.999912
-0.99993
-0.999944
-0.999955
-0.999964
-0.999971
-0.999977
-0.999982
-0.999985
-0.999988
-0.599991
-0.279992
-0.023994
0.180805
0.344644
0.475715
0.429572
0.143657
-0.0850741
-0.268059
-0.414447
-0.531558
-0.625246
-0.700197
-0.760158
-0.808126
-0.846501
-0.877201
-0.901761
-0.921408
-0.937127
-0.949701
-0.959761
-0.967809
-0.974247
-0.979398
-0.983518
-0.986815
-0.989452
-0.991561
-0.993249
-0.994599
-0.995679
-0.996544
-0.997235
-0.997788
-0.99823
-0.998584
-0.998867
-0.999094
-0.999275
-0.99942
-0.999536
-0.999629
-0.999703
-0.999762
-0.99981
-0.999848
-0.999878
-0.999903
-0.999922
-0.999938
-0.99995
-0.99996
-0.999968
-0.999974
-0.99998
-0.999984
-0.999987
-0.994286
-0.595429
-0.276343
-0.0210746
0.18314
0.346512
0.47721
0.384865
0.107892
-0.113687
-0.290949
-0.432759
-0.546208
-0.636966
-0.709573
-0.767658
-0.814127
-0.851301
-0.881041
-0.904833
-0.923866
-0.939093
-0.951274
-0.96102
-0.968816
-0.975052
-0.980042
-0.984034
-0.987227
-0.989782
-0.991825
-0.99346
-0.994768
-0.995815
-0.996652
-0.997321
-0.997857
-0.998286
-0.998628
-0.998903
-0.999122
-0.999298
-0.999438
-0.999551
-0.99964
-0.999712
-0.99977
-0.999816
-0.999853
-0.999882
-0.999906
-0.999925
-0.99994
-0.999952
-0.999961
-0.999969
-0.999975
-0.99998
-0.999984
-0.999987
-0.99999
-0.999992
-0.599994
-0.279995
-0.0239959
0.180803
0.344643
0.475714
0.368678
0.0949427
-0.124046
-0.299237
-0.439389
-0.551511
-0.641209
-0.712967
-0.770374
-0.816299
-0.853039
-0.882431
-0.905945
-0.924756
-0.939805
-0.951844
-0.961475
-0.96918
-0.975344
-0.980275
-0.98422
-0.987376
-0.989901
-0.991921
-0.993537
-0.994829
-0.995863
-0.996691
-0.997353
-0.997882
-0.998306
-0.998645
-0.998916
-0.999132
-0.999306
-0.999445
-0.999556
-0.999645
-0.999716
-0.999773
-0.999818
-0.999854
-0.999884
-0.999907
-0.999925
-0.99994
-0.999952
-0.999962
-0.999969
-0.999976
-0.99998
-0.999984
-0.999987
-0.814923
-0.451939
-0.161551
0.0707593
0.256607
0.405286
0.307636
0.0461091
-0.163113
-0.33049
-0.464392
-0.571514
-0.657211
-0.725769
-0.780615
-0.824492
-0.859594
-0.887675
-0.91014
-0.928112
-0.94249
-0.953992
-0.963193
-0.970555
-0.976444
-0.981155
-0.984924
-0.987939
-0.990351
-0.992281
-0.993825
-0.99506
-0.996048
-0.996838
-0.997471
-0.997977
-0.998381
-0.998705
-0.998964
-0.999171
-0.999337
-0.99947
-0.999576
-0.999661
-0.999728
-0.999783
-0.999826
-0.999861
-0.999889
-0.999911
-0.999929
-0.999943
-0.999954
-0.999964
-0.999971
-0.999977
-0.999981
-0.999985
-0.999988
-0.99999
-0.815449
-0.452359
-0.161887
0.0704901
0.256392
0.405114
0.330065
0.0640517
-0.148759
-0.319007
-0.455206
-0.564164
-0.651332
-0.721065
-0.776852
-0.821482
-0.857185
-0.885748
-0.908599
-0.926879
-0.941503
-0.953203
-0.962562
-0.97005
-0.97604
-0.980832
-0.984665
-0.987732
-0.990186
-0.992149
-0.993719
-0.994975
-0.99598
-0.996784
-0.997427
-0.997942
-0.998353
-0.998683
-0.998946
-0.999157
-0.999326
-0.99946
-0.999568
-0.999655
-0.999724
-0.999779
-0.999823
-0.999859
-0.999887
-0.999909
-0.999928
-0.999942
-0.999954
-0.999963
-0.99997
-0.999976
-0.999981
-0.999985
-0.999988
-0.99999
-0.999992
-0.599994
-0.279995
-0.023996
0.180803
0.344643
0.475714
0.386622
0.109298
-0.112562
-0.29005
-0.43204
-0.545632
-0.636505
-0.709204
-0.767363
-0.813891
-0.851113
-0.88089
-0.904712
-0.92377
-0.939016
-0.951213
-0.96097
-0.968776
-0.975021
-0.980017
-0.984013
-0.987211
-0.989769
-0.991815
-0.993452
-0.994761
-0.995809
-0.996647
-0.997318
-0.997854
-0.998283
-0.998627
-0.998901
-0.999121
-0.999297
-0.999438
-0.99955
-0.99964
-0.999712
-0.99977
-0.999816
-0.999853
-0.999882
-0.999906
-0.999925
-0.99994
-0.999952
-0.999961
-0.999969
-0.999975
-0.99998
-0.999984
-0.999987
-0.99999
-0.599992
-0.279994
-0.0239948
0.180804
0.344643
0.475715
0.390549
0.112439
-0.110048
-0.288039
-0.430431
-0.544345
-0.635476
-0.708381
-0.766705
-0.813364
-0.850691
-0.880553
-0.904442
-0.923554
-0.938843
-0.951074
-0.96086
-0.968688
-0.97495
-0.97996
-0.983968
-0.987174
-0.98974
-0.991792
-0.993433
-0.994747
-0.995797
-0.996638
-0.99731
-0.997848
-0.998279
-0.998623
-0.998898
-0.999119
-0.999295
-0.999436
-0.999549
-0.999639
-0.999711
-0.999769
-0.999815
-0.999852
-0.999882
-0.999905
-0.999924
-0.999939
-0.999952
-0.999961
-0.999969
-0.999975
-0.99998
-0.999984
-0.999987
-0.99999
-0.999992
-0.599993
-0.279995
-0.0239958
0.180803
0.344643
0.475714
0.372855
0.0982844
-0.121373
-0.297098
-0.437678
-0.550143
-0.640114
-0.712091
-0.769673
-0.815738
-0.852591
-0.882073
-0.905658
-0.924526
-0.939621
-0.951697
-0.961358
-0.969086
-0.975269
-0.980215
-0.984172
-0.987338
-0.98987
-0.991896
-0.993517
-0.994813
-0.995851
-0.996681
-0.997345
-0.997876
-0.9983
-0.99864
-0.998912
-0.99913
-0.999304
-0.999443
-0.999554
-0.999644
-0.999715
-0.999772
-0.999818
-0.999854
-0.999883
-0.999907
-0.999925
-0.99994
-0.999952
-0.999962
-0.999969
-0.999976
-0.99998
-0.999984
-0.999987
-0.814683
-0.451747
-0.161397
0.0708821
0.256706
0.405365
0.306918
0.0455345
-0.163572
-0.330858
-0.464686
-0.571749
-0.657399
-0.725919
-0.780736
-0.824588
-0.859671
-0.887737
-0.910189
-0.928151
-0.942521
-0.954017
-0.963214
-0.970571
-0.976457
-0.981165
-0.984932
-0.987946
-0.990357
-0.992285
-0.993828
-0.995063
-0.99605
-0.99684
-0.997472
-0.997978
-0.998382
-0.998706
-0.998965
-0.999172
-0.999337
-0.99947
-0.999576
-0.999661
-0.999729
-0.999783
-0.999826
-0.999861
-0.999889
-0.999911
-0.999929
-0.999943
-0.999954
-0.999964
-0.999971
-0.999977
-0.999981
-0.999985
-0.999988
-0.99999
-0.80819
-0.446552
-0.157242
0.0742067
0.259365
0.407492
0.332463
0.0659702
-0.147224
-0.317779
-0.454223
-0.563379
-0.650703
-0.720562
-0.77645
-0.82116
-0.856928
-0.885542
-0.908434
-0.926747
-0.941398
-0.953118
-0.962495
-0.969996
-0.975996
-0.980797
-0.984638
-0.98771
-0.990168
-0.992135
-0.993708
-0.994966
-0.995973
-0.996778
-0.997423
-0.997938
-0.99835
-0.99868
-0.998944
-0.999155
-0.999324
-0.999459
-0.999568
-0.999654
-0.999723
-0.999779
-0.999823
-0.999858
-0.999887
-0.999909
-0.999927
-0.999942
-0.999954
-0.999963
-0.99997
-0.999976
-0.999981
-0.999985
-0.999988
-0.99999
-0.999992
-0.599994
-0.279995
-0.023996
0.180803
0.344643
0.475714
0.38664
0.109312
-0.11255
-0.29004
-0.432032
-0.545626
-0.636501
-0.7092
-0.76736
-0.813888
-0.851111
-0.880889
-0.904711
-0.923769
-0.939015
-0.951212
-0.96097
-0.968776
-0.975021
-0.980016
-0.984013
-0.987211
-0.989768
-0.991815
-0.993452
-0.994761
-0.995809
-0.996647
-0.997318
-0.997854
-0.998283
-0.998627
-0.998901
-0.999121
-0.999297
-0.999438
-0.99955
-0.99964
-0.999712
-0.99977
-0.999816
-0.999853
-0.999882
-0.999906
-0.999925
-0.99994
-0.999952
-0.999961
-0.999969
-0.999975
-0.99998
-0.999984
-0.999987
-0.99999
-0.599992
-0.279994
-0.0239948
0.180804
0.344643
0.475715
0.39056
0.112448
-0.110042
-0.288033
-0.430427
-0.544341
-0.635473
-0.708378
-0.766703
-0.813362
-0.85069
-0.880552
-0.904441
-0.923553
-0.938843
-0.951074
-0.960859
-0.968687
-0.97495
-0.97996
-0.983968
-0.987174
-0.989739
-0.991792
-0.993433
-0.994747
-0.995797
-0.996638
-0.99731
-0.997848
-0.998279
-0.998623
-0.998898
-0.999119
-0.999295
-0.999436
-0.999549
-0.999639
-0.999711
-0.999769
-0.999815
-0.999852
-0.999882
-0.999905
-0.999924
-0.999939
-0.999952
-0.999961
-0.999969
-0.999975
-0.99998
-0.999984
-0.999987
-0.99999
-0.599992
-0.279993
-0.0239948
0.180804
0.344643
0.475715
0.387515
0.110012
-0.111991
-0.289592
-0.431674
-0.545339
-0.636271
-0.709017
-0.767214
-0.813771
-0.851017
-0.880813
-0.904651
-0.923721
-0.938976
-0.951181
-0.960945
-0.968756
-0.975005
-0.980004
-0.984003
-0.987202
-0.989762
-0.99181
-0.993448
-0.994758
-0.995806
-0.996645
-0.997316
-0.997853
-0.998282
-0.998626
-0.998901
-0.999121
-0.999296
-0.999437
-0.99955
-0.99964
-0.999712
-0.999769
-0.999816
-0.999852
-0.999882
-0.999906
-0.999924
-0.99994
-0.999952
-0.999961
-0.999969
-0.999975
-0.99998
-0.999984
-0.999987
-0.99999
-0.999992
-0.599994
-0.279995
-0.0239958
0.180803
0.344643
0.475714
0.370795
0.0966364
-0.122691
-0.298153
-0.438522
-0.550818
-0.640654
-0.712523
-0.770019
-0.816015
-0.852812
-0.88225
-0.9058
-0.92464
-0.939712
-0.951769
-0.961416
-0.969132
-0.975306
-0.980245
-0.984196
-0.987357
-0.989885
-0.991908
-0.993527
-0.994821
-0.995857
-0.996686
-0.997348
-0.997879
-0.998303
-0.998642
-0.998914
-0.999131
-0.999305
-0.999444
-0.999555
-0.999644
-0.999715
-0.999772
-0.999818
-0.999854
-0.999883
-0.999907
-0.999925
-0.99994
-0.999952
-0.999962
-0.999969
-0.999976
-0.99998
-0.999984
-0.999987
-0.807098
-0.445679
-0.156543
0.0747657
0.259813
0.40785
0.333111
0.0664887
-0.146809
-0.317447
-0.453958
-0.563166
-0.650533
-0.720426
-0.776341
-0.821073
-0.856858
-0.885487
-0.908389
-0.926711
-0.941369
-0.953095
-0.962476
-0.969981
-0.975985
-0.980788
-0.98463
-0.987704
-0.990163
-0.992131
-0.993705
-0.994964
-0.995971
-0.996777
-0.997421
-0.997937
-0.99835
-0.99868
-0.998944
-0.999155
-0.999324
-0.999459
-0.999567
-0.999654
-0.999723
-0.999778
-0.999823
-0.999858
-0.999887
-0.999909
-0.999927
-0.999942
-0.999954
-0.999963
-0.99997
-0.999976
-0.999981
-0.999985
-0.999988
-0.99999
-0.999992
-0.599994
-0.279995
-0.023996
0.180803
0.344643
0.475714
0.386649
0.109319
-0.112544
-0.290036
-0.432028
-0.545623
-0.636498
-0.709199
-0.767359
-0.813887
-0.85111
-0.880888
-0.90471
-0.923768
-0.939015
-0.951212
-0.960969
-0.968775
-0.97502
-0.980016
-0.984013
-0.98721
-0.989768
-0.991815
-0.993452
-0.994761
-0.995809
-0.996647
-0.997318
-0.997854
-0.998283
-0.998627
-0.998901
-0.999121
-0.999297
-0.999438
-0.99955
-0.99964
-0.999712
-0.99977
-0.999816
-0.999853
-0.999882
-0.999906
-0.999925
-0.99994
-0.999952
-0.999961
-0.999969
-0.999975
-0.99998
-0.999984
-0.999987
-0.99999
-0.599992
-0.279994
-0.0239948
0.180804
0.344643
0.475715
0.390148
0.112118
-0.110305
-0.288244
-0.430595
-0.544476
-0.635581
-0.708465
-0.766772
-0.813417
-0.850734
-0.880587
-0.90447
-0.923576
-0.938861
-0.951089
-0.960871
-0.968697
-0.974957
-0.979966
-0.983973
-0.987178
-0.989743
-0.991794
-0.993435
-0.994748
-0.995799
-0.996639
-0.997311
-0.997849
-0.998279
-0.998623
-0.998899
-0.999119
-0.999295
-0.999436
-0.999549
-0.999639
-0.999711
-0.999769
-0.999815
-0.999852
-0.999882
-0.999905
-0.999924
-0.999939
-0.999952
-0.999961
-0.999969
-0.999975
-0.99998
-0.999984
-0.999987
-0.99999
-0.599992
-0.279993
-0.0239948
0.180804
0.344643
0.475715
0.390604
0.112483
-0.110014
-0.288011
-0.430409
-0.544327
-0.635462
-0.708369
-0.766695
-0.813356
-0.850685
-0.880548
-0.904438
-0.923551
-0.938841
-0.951072
-0.960858
-0.968686
-0.974949
-0.979959
-0.983967
-0.987174
-0.989739
-0.991791
-0.993433
-0.994746
-0.995797
-0.996638
-0.99731
-0.997848
-0.998279
-0.998623
-0.998898
-0.999119
-0.999295
-0.999436
-0.999549
-0.999639
-0.999711
-0.999769
-0.999815
-0.999852
-0.999882
-0.999905
-0.999924
-0.999939
-0.999952
-0.999961
-0.999969
-0.999975
-0.99998
-0.999984
-0.999987
-0.99999
-0.999992
-0.599993
-0.279995
-0.0239958
0.180803
0.344643
0.475714
0.372893
0.0983141
-0.121349
-0.297079
-0.437663
-0.550131
-0.640104
-0.712084
-0.769667
-0.815733
-0.852587
-0.882069
-0.905656
-0.924524
-0.93962
-0.951696
-0.961357
-0.969085
-0.975268
-0.980215
-0.984172
-0.987337
-0.98987
-0.991896
-0.993517
-0.994813
-0.995851
-0.996681
-0.997344
-0.997876
-0.9983
-0.99864
-0.998912
-0.99913
-0.999304
-0.999443
-0.999554
-0.999644
-0.999715
-0.999772
-0.999818
-0.999854
-0.999883
-0.999907
-0.999925
-0.99994
-0.999952
-0.999962
-0.999969
-0.999976
-0.99998
-0.999984
-0.999987
-0.81398
-0.451184
-0.160947
0.0712425
0.256994
0.405595
0.308135
0.0465082
-0.162793
-0.330235
-0.464188
-0.57135
-0.65708
-0.725664
-0.780531
-0.824425
-0.85954
-0.887632
-0.910106
-0.928085
-0.942468
-0.953974
-0.963179
-0.970543
-0.976435
-0.981148
-0.984918
-0.987935
-0.990348
-0.992278
-0.993823
-0.995058
-0.996046
-0.996837
-0.99747
-0.997976
-0.998381
-0.998704
-0.998964
-0.999171
-0.999337
-0.999469
-0.999575
-0.99966
-0.999728
-0.999783
-0.999826
-0.999861
-0.999889
-0.999911
-0.999929
-0.999943
-0.999954
-0.999964
-0.999971
-0.999977
-0.999981
-0.999985
-0.999988
-0.99999
-0.832035
-0.465628
-0.172503
0.061998
0.249598
0.399679
0.311942
0.0495534
-0.160357
-0.328286
-0.462629
-0.570103
-0.656082
-0.724866
-0.779893
-0.823914
-0.859131
-0.887305
-0.909844
-0.927875
-0.9423
-0.95384
-0.963072
-0.970458
-0.976366
-0.981093
-0.984874
-0.987899
-0.99032
-0.992256
-0.993805
-0.995044
-0.996035
-0.996828
-0.997462
-0.99797
-0.998376
-0.998701
-0.998961
-0.999168
-0.999335
-0.999468
-0.999574
-0.999659
-0.999728
-0.999782
-0.999826
-0.99986
-0.999888
-0.999911
-0.999929
-0.999943
-0.999954
-0.999963
-0.999971
-0.999977
-0.999981
-0.999985
-0.999988
-0.99999
-0.999992
-0.599994
-0.279995
-0.0239961
0.180803
0.344643
0.475714
0.37892
0.103136
-0.117491
-0.293993
-0.435194
-0.548156
-0.638524
-0.71082
-0.768656
-0.814925
-0.85194
-0.881552
-0.905241
-0.924193
-0.939354
-0.951484
-0.961187
-0.968949
-0.97516
-0.980128
-0.984102
-0.987282
-0.989825
-0.99186
-0.993488
-0.994791
-0.995832
-0.996666
-0.997333
-0.997866
-0.998293
-0.998634
-0.998908
-0.999126
-0.999301
-0.999441
-0.999553
-0.999642
-0.999714
-0.999771
-0.999817
-0.999853
-0.999883
-0.999906
-0.999925
-0.99994
-0.999952
-0.999962
-0.999969
-0.999975
-0.99998
-0.999984
-0.999987
-0.99999
-0.599992
-0.279994
-0.0239948
0.180804
0.344643
0.475715
0.360108
0.0880865
-0.129531
-0.303625
-0.4429
-0.55432
-0.643456
-0.714765
-0.771812
-0.817449
-0.853959
-0.883168
-0.906534
-0.925227
-0.940182
-0.952145
-0.961716
-0.969373
-0.975498
-0.980399
-0.984319
-0.987455
-0.989964
-0.991971
-0.993577
-0.994862
-0.995889
-0.996711
-0.997369
-0.997895
-0.998316
-0.998653
-0.998922
-0.999138
-0.99931
-0.999448
-0.999559
-0.999647
-0.999718
-0.999774
-0.999819
-0.999855
-0.999884
-0.999907
-0.999926
-0.999941
-0.999953
-0.999962
-0.99997
-0.999976
-0.999981
-0.999984
-0.999988
-0.99999
-0.999992
-0.599994
-0.279995
-0.0239959
0.180803
0.344643
0.475714
0.371644
0.0973154
-0.122148
-0.297718
-0.438175
-0.55054
-0.640432
-0.712345
-0.769876
-0.815901
-0.852721
-0.882177
-0.905741
-0.924593
-0.939674
-0.95174
-0.961392
-0.969113
-0.975291
-0.980233
-0.984186
-0.987349
-0.989879
-0.991903
-0.993523
-0.994818
-0.995854
-0.996684
-0.997347
-0.997877
-0.998302
-0.998642
-0.998913
-0.999131
-0.999304
-0.999444
-0.999555
-0.999644
-0.999715
-0.999772
-0.999818
-0.999854
-0.999883
-0.999907
-0.999925
-0.99994
-0.999952
-0.999962
-0.999969
-0.999976
-0.99998
-0.999984
-0.999987
-0.814214
-0.451371
-0.161097
0.0711224
0.256898
0.405518
0.307083
0.0456664
-0.163467
-0.330773
-0.464619
-0.571695
-0.657356
-0.725885
-0.780708
-0.824566
-0.859653
-0.887722
-0.910178
-0.928142
-0.942514
-0.954011
-0.963209
-0.970567
-0.976454
-0.981163
-0.98493
-0.987944
-0.990355
-0.992284
-0.993827
-0.995062
-0.99605
-0.99684
-0.997472
-0.997977
-0.998382
-0.998706
-0.998964
-0.999172
-0.999337
-0.99947
-0.999576
-0.999661
-0.999729
-0.999783
-0.999826
-0.999861
-0.999889
-0.999911
-0.999929
-0.999943
-0.999954
-0.999964
-0.999971
-0.999977
-0.999981
-0.999985
-0.999988
-0.99999
-0.808051
-0.44644
-0.157152
0.0742781
0.259423
0.407538
0.332861
0.0662888
-0.146969
-0.317575
-0.45406
-0.563248
-0.650598
-0.720479
-0.776383
-0.821106
-0.856885
-0.885508
-0.908406
-0.926725
-0.94138
-0.953104
-0.962483
-0.969987
-0.975989
-0.980791
-0.984633
-0.987707
-0.990165
-0.992132
-0.993706
-0.994965
-0.995972
-0.996777
-0.997422
-0.997937
-0.99835
-0.99868
-0.998944
-0.999155
-0.999324
-0.999459
-0.999567
-0.999654
-0.999723
-0.999779
-0.999823
-0.999858
-0.999887
-0.999909
-0.999927
-0.999942
-0.999954
-0.999963
-0.99997
-0.999976
-0.999981
-0.999985
-0.999988
-0.99999
-0.999992
-0.599994
-0.279995
-0.023996
0.180803
0.344643
0.475714
0.386504
0.109204
-0.112637
-0.29011
-0.432088
-0.54567
-0.636536
-0.709229
-0.767383
-0.813907
-0.851125
-0.8809
-0.90472
-0.923776
-0.939021
-0.951217
-0.960973
-0.968779
-0.975023
-0.980018
-0.984015
-0.987212
-0.989769
-0.991816
-0.993452
-0.994762
-0.99581
-0.996648
-0.997318
-0.997854
-0.998284
-0.998627
-0.998901
-0.999121
-0.999297
-0.999438
-0.99955
-0.99964
-0.999712
-0.99977
-0.999816
-0.999853
-0.999882
-0.999906
-0.999925
-0.99994
-0.999952
-0.999961
-0.999969
-0.999975
-0.99998
-0.999984
-0.999987
-0.99999
-0.599992
-0.279994
-0.0239948
0.180804
0.344643
0.475715
0.390663
0.112531
-0.109976
-0.28798
-0.430384
-0.544307
-0.635446
-0.708357
-0.766685
-0.813348
-0.850679
-0.880543
-0.904434
-0.923547
-0.938838
-0.95107
-0.960856
-0.968685
-0.974948
-0.979958
-0.983967
-0.987173
-0.989739
-0.991791
-0.993433
-0.994746
-0.995797
-0.996638
-0.99731
-0.997848
-0.998278
-0.998623
-0.998898
-0.999119
-0.999295
-0.999436
-0.999549
-0.999639
-0.999711
-0.999769
-0.999815
-0.999852
-0.999882
-0.999905
-0.999924
-0.999939
-0.999952
-0.999961
-0.999969
-0.999975
-0.99998
-0.999984
-0.999987
-0.99999
-0.999992
-0.599993
-0.279995
-0.0239958
0.180803
0.344643
0.475714
0.372804
0.0982435
-0.121405
-0.297124
-0.437699
-0.550159
-0.640128
-0.712102
-0.769682
-0.815745
-0.852596
-0.882077
-0.905662
-0.924529
-0.939623
-0.951699
-0.961359
-0.969087
-0.97527
-0.980216
-0.984173
-0.987338
-0.98987
-0.991896
-0.993517
-0.994814
-0.995851
-0.996681
-0.997345
-0.997876
-0.998301
-0.99864
-0.998912
-0.99913
-0.999304
-0.999443
-0.999554
-0.999644
-0.999715
-0.999772
-0.999818
-0.999854
-0.999883
-0.999907
-0.999925
-0.99994
-0.999952
-0.999962
-0.999969
-0.999976
-0.99998
-0.999984
-0.999987
-0.813942
-0.451154
-0.160923
0.0712616
0.257009
0.405607
0.307195
0.0457563
-0.163395
-0.330716
-0.464573
-0.571658
-0.657327
-0.725861
-0.780689
-0.824551
-0.859641
-0.887713
-0.91017
-0.928136
-0.942509
-0.954007
-0.963206
-0.970565
-0.976452
-0.981161
-0.984929
-0.987943
-0.990355
-0.992284
-0.993827
-0.995062
-0.996049
-0.996839
-0.997472
-0.997977
-0.998382
-0.998705
-0.998964
-0.999171
-0.999337
-0.99947
-0.999576
-0.999661
-0.999729
-0.999783
-0.999826
-0.999861
-0.999889
-0.999911
-0.999929
-0.999943
-0.999954
-0.999964
-0.999971
-0.999977
-0.999981
-0.999985
-0.999988
-0.99999
-0.822158
-0.457726
-0.166181
0.0670553
0.253644
0.402915
0.309916
0.0479328
-0.161654
-0.329323
-0.463458
-0.570767
-0.656613
-0.725291
-0.780233
-0.824186
-0.859349
-0.887479
-0.909983
-0.927987
-0.942389
-0.953911
-0.963129
-0.970503
-0.976403
-0.981122
-0.984898
-0.987918
-0.990335
-0.992268
-0.993814
-0.995051
-0.996041
-0.996833
-0.997466
-0.997973
-0.998378
-0.998703
-0.998962
-0.99917
-0.999336
-0.999469
-0.999575
-0.99966
-0.999728
-0.999782
-0.999826
-0.999861
-0.999889
-0.999911
-0.999929
-0.999943
-0.999954
-0.999963
-0.999971
-0.999977
-0.999981
-0.999985
-0.999988
-0.99999
-0.999992
-0.599994
-0.279995
-0.0239961
0.180803
0.344643
0.475714
0.358939
0.0871515
-0.130279
-0.304223
-0.443378
-0.554703
-0.643762
-0.71501
-0.772008
-0.817606
-0.854085
-0.883268
-0.906614
-0.925292
-0.940233
-0.952187
-0.961749
-0.969399
-0.97552
-0.980416
-0.984332
-0.987466
-0.989973
-0.991978
-0.993583
-0.994866
-0.995893
-0.996714
-0.997371
-0.997897
-0.998318
-0.998654
-0.998923
-0.999139
-0.999311
-0.999449
-0.999559
-0.999647
-0.999718
-0.999774
-0.999819
-0.999855
-0.999884
-0.999908
-0.999926
-0.999941
-0.999953
-0.999962
-0.99997
-0.999976
-0.999981
-0.999984
-0.999988
-0.99999
-0.599992
-0.279994
-0.0239949
0.180804
0.344643
0.475715
0.3611
0.08888
-0.128896
-0.303117
-0.442493
-0.553995
-0.643196
-0.714557
-0.771645
-0.817316
-0.853853
-0.883082
-0.906466
-0.925173
-0.940138
-0.952111
-0.961688
-0.969351
-0.975481
-0.980384
-0.984308
-0.987446
-0.989957
-0.991965
-0.993572
-0.994858
-0.995886
-0.996709
-0.997367
-0.997894
-0.998315
-0.998652
-0.998922
-0.999137
-0.99931
-0.999448
-0.999558
-0.999647
-0.999717
-0.999774
-0.999819
-0.999855
-0.999884
-0.999907
-0.999926
-0.999941
-0.999953
-0.999962
-0.99997
-0.999976
-0.999981
-0.999984
-0.999988
-0.99999
-0.599992
-0.279994
-0.0239949
0.180804
0.344643
0.475715
0.390132
0.112106
-0.110315
-0.288252
-0.430602
-0.544481
-0.635585
-0.708468
-0.766774
-0.81342
-0.850736
-0.880589
-0.904471
-0.923577
-0.938861
-0.951089
-0.960871
-0.968697
-0.974958
-0.979966
-0.983973
-0.987178
-0.989743
-0.991794
-0.993435
-0.994748
-0.995799
-0.996639
-0.997311
-0.997849
-0.998279
-0.998623
-0.998899
-0.999119
-0.999295
-0.999436
-0.999549
-0.999639
-0.999711
-0.999769
-0.999815
-0.999852
-0.999882
-0.999905
-0.999924
-0.999939
-0.999952
-0.999961
-0.999969
-0.999975
-0.99998
-0.999984
-0.999987
-0.99999
-0.999992
-0.599993
-0.279995
-0.0239958
0.180803
0.344643
0.475714
0.372974
0.0983789
-0.121297
-0.297037
-0.43763
-0.550104
-0.640083
-0.712067
-0.769653
-0.815723
-0.852578
-0.882062
-0.90565
-0.92452
-0.939616
-0.951693
-0.961354
-0.969083
-0.975267
-0.980213
-0.984171
-0.987337
-0.989869
-0.991895
-0.993516
-0.994813
-0.99585
-0.99668
-0.997344
-0.997875
-0.9983
-0.99864
-0.998912
-0.99913
-0.999304
-0.999443
-0.999554
-0.999644
-0.999715
-0.999772
-0.999818
-0.999854
-0.999883
-0.999907
-0.999925
-0.99994
-0.999952
-0.999962
-0.999969
-0.999976
-0.99998
-0.999984
-0.999987
-0.813879
-0.451103
-0.160883
0.0712938
0.257035
0.405628
0.307886
0.0463092
-0.162953
-0.330362
-0.46429
-0.571432
-0.657145
-0.725716
-0.780573
-0.824458
-0.859567
-0.887653
-0.910123
-0.928098
-0.942479
-0.953983
-0.963186
-0.970549
-0.976439
-0.981151
-0.984921
-0.987937
-0.99035
-0.99228
-0.993824
-0.995059
-0.996047
-0.996838
-0.99747
-0.997976
-0.998381
-0.998705
-0.998964
-0.999171
-0.999337
-0.999469
-0.999576
-0.99966
-0.999728
-0.999783
-0.999826
-0.999861
-0.999889
-0.999911
-0.999929
-0.999943
-0.999954
-0.999964
-0.999971
-0.999977
-0.999981
-0.999985
-0.999988
-0.99999
-0.819499
-0.455599
-0.164479
0.0684165
0.254733
0.403787
0.305355
0.0442839
-0.164573
-0.331658
-0.465327
-0.572261
-0.657809
-0.726247
-0.780998
-0.824798
-0.859839
-0.887871
-0.910297
-0.928237
-0.94259
-0.954072
-0.963258
-0.970606
-0.976485
-0.981188
-0.98495
-0.98796
-0.990368
-0.992295
-0.993836
-0.995069
-0.996055
-0.996844
-0.997475
-0.99798
-0.998384
-0.998707
-0.998966
-0.999173
-0.999338
-0.99947
-0.999576
-0.999661
-0.999729
-0.999783
-0.999826
-0.999861
-0.999889
-0.999911
-0.999929
-0.999943
-0.999955
-0.999964
-0.999971
-0.999977
-0.999981
-0.999985
-0.999988
-0.99999
-0.999992
-0.599994
-0.279995
-0.0239961
0.180803
0.344643
0.475714
0.360001
0.0880011
-0.129599
-0.303679
-0.442943
-0.554355
-0.643484
-0.714787
-0.77183
-0.817464
-0.853971
-0.883177
-0.906541
-0.925233
-0.940187
-0.952149
-0.961719
-0.969375
-0.9755
-0.9804
-0.98432
-0.987456
-0.989965
-0.991972
-0.993578
-0.994862
-0.99589
-0.996712
-0.997369
-0.997895
-0.998316
-0.998653
-0.998922
-0.999138
-0.99931
-0.999448
-0.999559
-0.999647
-0.999718
-0.999774
-0.999819
-0.999855
-0.999884
-0.999907
-0.999926
-0.999941
-0.999953
-0.999962
-0.99997
-0.999976
-0.999981
-0.999984
-0.999988
-0.99999
-0.599992
-0.279994
-0.0239949
0.180804
0.344643
0.475715
0.360042
0.0880336
-0.129573
-0.303659
-0.442927
-0.554341
-0.643473
-0.714779
-0.771823
-0.817458
-0.853967
-0.883173
-0.906539
-0.925231
-0.940185
-0.952148
-0.961718
-0.969375
-0.9755
-0.9804
-0.98432
-0.987456
-0.989965
-0.991972
-0.993577
-0.994862
-0.99589
-0.996712
-0.997369
-0.997895
-0.998316
-0.998653
-0.998922
-0.999138
-0.99931
-0.999448
-0.999559
-0.999647
-0.999718
-0.999774
-0.999819
-0.999855
-0.999884
-0.999907
-0.999926
-0.999941
-0.999953
-0.999962
-0.99997
-0.999976
-0.999981
-0.999984
-0.999988
-0.99999
-0.999992
-0.599994
-0.279995
-0.0239959
0.180803
0.344643
0.475714
0.344951
0.075961
-0.139231
-0.311385
-0.449108
-0.559286
-0.647429
-0.717943
-0.774355
-0.819484
-0.855587
-0.88447
-0.907576
-0.926061
-0.940848
-0.952679
-0.962143
-0.969714
-0.975772
-0.980617
-0.984494
-0.987595
-0.990076
-0.992061
-0.993649
-0.994919
-0.995935
-0.996748
-0.997398
-0.997919
-0.998335
-0.998668
-0.998934
-0.999148
-0.999318
-0.999454
-0.999564
-0.999651
-0.999721
-0.999777
-0.999821
-0.999857
-0.999886
-0.999908
-0.999927
-0.999941
-0.999953
-0.999963
-0.99997
-0.999976
-0.999981
-0.999985
-0.999988
-0.818378
-0.454702
-0.163762
0.0689907
0.255193
0.404154
0.27896
0.0231681
-0.181465
-0.345172
-0.476138
-0.58091
-0.664728
-0.731783
-0.785426
-0.828341
-0.862673
-0.890138
-0.912111
-0.929688
-0.943751
-0.955001
-0.964
-0.9712
-0.97696
-0.981568
-0.985255
-0.988204
-0.990563
-0.99245
-0.99396
-0.995168
-0.996135
-0.996908
-0.997526
-0.998021
-0.998417
-0.998733
-0.998987
-0.999189
-0.999351
-0.999481
-0.999585
-0.999668
-0.999734
-0.999787
-0.99983
-0.999864
-0.999891
-0.999913
-0.99993
-0.999944
-0.999955
-0.999964
-0.999971
-0.999977
-0.999982
-0.999985
-0.999988
-0.999991
-0.812838
-0.45027
-0.160216
0.0718269
0.257462
0.405969
0.308502
0.0468014
-0.162559
-0.330047
-0.464038
-0.57123
-0.656984
-0.725587
-0.78047
-0.824376
-0.859501
-0.887601
-0.91008
-0.928064
-0.942451
-0.953961
-0.963169
-0.970535
-0.976428
-0.981143
-0.984914
-0.987931
-0.990345
-0.992276
-0.993821
-0.995057
-0.996045
-0.996836
-0.997469
-0.997975
-0.99838
-0.998704
-0.998963
-0.999171
-0.999337
-0.999469
-0.999575
-0.99966
-0.999728
-0.999783
-0.999826
-0.999861
-0.999889
-0.999911
-0.999929
-0.999943
-0.999954
-0.999964
-0.999971
-0.999977
-0.999981
-0.999985
-0.999988
-0.99999
-0.999992
-0.599994
-0.279995
-0.0239961
0.180803
0.344643
0.475714
0.35992
0.0879357
-0.129651
-0.303721
-0.442977
-0.554382
-0.643505
-0.714804
-0.771843
-0.817475
-0.85398
-0.883184
-0.906547
-0.925238
-0.94019
-0.952152
-0.961722
-0.969377
-0.975502
-0.980401
-0.984321
-0.987457
-0.989966
-0.991972
-0.993578
-0.994862
-0.99589
-0.996712
-0.99737
-0.997896
-0.998317
-0.998653
-0.998923
-0.999138
-0.99931
-0.999448
-0.999559
-0.999647
-0.999718
-0.999774
-0.999819
-0.999855
-0.999884
-0.999907
-0.999926
-0.999941
-0.999953
-0.999962
-0.99997
-0.999976
-0.999981
-0.999984
-0.999988
-0.99999
-0.599992
-0.279994
-0.0239949
0.180804
0.344643
0.475715
0.360998
0.0887981
-0.128962
-0.303169
-0.442535
-0.554028
-0.643223
-0.714578
-0.771662
-0.81733
-0.853864
-0.883091
-0.906473
-0.925178
-0.940143
-0.952114
-0.961691
-0.969353
-0.975482
-0.980386
-0.984309
-0.987447
-0.989958
-0.991966
-0.993573
-0.994858
-0.995887
-0.996709
-0.997367
-0.997894
-0.998315
-0.998652
-0.998922
-0.999137
-0.99931
-0.999448
-0.999558
-0.999647
-0.999717
-0.999774
-0.999819
-0.999855
-0.999884
-0.999907
-0.999926
-0.999941
-0.999953
-0.999962
-0.99997
-0.999976
-0.999981
-0.999984
-0.999988
-0.99999
-0.999992
-0.599994
-0.279995
-0.0239959
0.180803
0.344643
0.475714
0.37164
0.0973119
-0.12215
-0.29772
-0.438176
-0.550541
-0.640433
-0.712346
-0.769877
-0.815902
-0.852721
-0.882177
-0.905742
-0.924593
-0.939675
-0.95174
-0.961392
-0.969113
-0.975291
-0.980233
-0.984186
-0.987349
-0.989879
-0.991903
-0.993523
-0.994818
-0.995854
-0.996684
-0.997347
-0.997877
-0.998302
-0.998642
-0.998913
-0.999131
-0.999304
-0.999444
-0.999555
-0.999644
-0.999715
-0.999772
-0.999818
-0.999854
-0.999883
-0.999907
-0.999925
-0.99994
-0.999952
-0.999962
-0.999969
-0.999976
-0.99998
-0.999984
-0.999987
-0.814216
-0.451373
-0.161098
0.0711212
0.256897
0.405518
0.306984
0.0455869
-0.16353
-0.330824
-0.464659
-0.571728
-0.657382
-0.725906
-0.780725
-0.82458
-0.859664
-0.887731
-0.910185
-0.928148
-0.942518
-0.954015
-0.963212
-0.970569
-0.976455
-0.981164
-0.984932
-0.987945
-0.990356
-0.992285
-0.993828
-0.995062
-0.99605
-0.99684
-0.997472
-0.997978
-0.998382
-0.998706
-0.998965
-0.999172
-0.999337
-0.99947
-0.999576
-0.999661
-0.999729
-0.999783
-0.999826
-0.999861
-0.999889
-0.999911
-0.999929
-0.999943
-0.999954
-0.999964
-0.999971
-0.999977
-0.999981
-0.999985
-0.999988
-0.99999
-0.808051
-0.446441
-0.157153
0.0742776
0.259422
0.407538
0.333211
0.0665688
-0.146745
-0.317396
-0.453917
-0.563133
-0.650507
-0.720405
-0.776324
-0.821059
-0.856848
-0.885478
-0.908382
-0.926706
-0.941365
-0.953092
-0.962473
-0.969979
-0.975983
-0.980786
-0.984629
-0.987703
-0.990163
-0.99213
-0.993704
-0.994963
-0.995971
-0.996776
-0.997421
-0.997937
-0.99835
-0.99868
-0.998944
-0.999155
-0.999324
-0.999459
-0.999567
-0.999654
-0.999723
-0.999778
-0.999823
-0.999858
-0.999887
-0.999909
-0.999927
-0.999942
-0.999954
-0.999963
-0.99997
-0.999976
-0.999981
-0.999985
-0.999988
-0.99999
-0.999992
-0.599994
-0.279995
-0.023996
0.180803
0.344643
0.475714
0.38654
0.109232
-0.112614
-0.290091
-0.432073
-0.545659
-0.636527
-0.709221
-0.767377
-0.813902
-0.851121
-0.880897
-0.904718
-0.923774
-0.939019
-0.951215
-0.960972
-0.968778
-0.975022
-0.980018
-0.984014
-0.987211
-0.989769
-0.991815
-0.993452
-0.994762
-0.995809
-0.996648
-0.997318
-0.997854
-0.998284
-0.998627
-0.998901
-0.999121
-0.999297
-0.999438
-0.99955
-0.99964
-0.999712
-0.99977
-0.999816
-0.999853
-0.999882
-0.999906
-0.999925
-0.99994
-0.999952
-0.999961
-0.999969
-0.999975
-0.99998
-0.999984
-0.999987
-0.99999
-0.599992
-0.279994
-0.0239948
0.180804
0.344643
0.475715
0.390435
0.112348
-0.110121
-0.288097
-0.430478
-0.544382
-0.635506
-0.708405
-0.766724
-0.813379
-0.850703
-0.880563
-0.90445
-0.92356
-0.938848
-0.951078
-0.960863
-0.96869
-0.974952
-0.979962
-0.983969
-0.987175
-0.98974
-0.991792
-0.993434
-0.994747
-0.995798
-0.996638
-0.997311
-0.997848
-0.998279
-0.998623
-0.998898
-0.999119
-0.999295
-0.999436
-0.999549
-0.999639
-0.999711
-0.999769
-0.999815
-0.999852
-0.999882
-0.999905
-0.999924
-0.999939
-0.999952
-0.999961
-0.999969
-0.999975
-0.99998
-0.999984
-0.999987
-0.99999
-0.599992
-0.279993
-0.0239948
0.180804
0.344643
0.475715
0.388048
0.110439
-0.111649
-0.289319
-0.431455
-0.545164
-0.636131
-0.708905
-0.767124
-0.813699
-0.850959
-0.880768
-0.904614
-0.923691
-0.938953
-0.951162
-0.96093
-0.968744
-0.974995
-0.979996
-0.983997
-0.987198
-0.989758
-0.991806
-0.993445
-0.994756
-0.995805
-0.996644
-0.997315
-0.997852
-0.998282
-0.998625
-0.9989
-0.99912
-0.999296
-0.999437
-0.99955
-0.99964
-0.999712
-0.999769
-0.999815
-0.999852
-0.999882
-0.999906
-0.999924
-0.99994
-0.999952
-0.999961
-0.999969
-0.999975
-0.99998
-0.999984
-0.999987
-0.99999
-0.999992
-0.599994
-0.279995
-0.0239958
0.180803
0.344643
0.475714
0.370976
0.0967804
-0.122576
-0.298061
-0.438448
-0.550759
-0.640607
-0.712486
-0.769988
-0.815991
-0.852793
-0.882234
-0.905787
-0.92463
-0.939704
-0.951763
-0.96141
-0.969128
-0.975303
-0.980242
-0.984194
-0.987355
-0.989884
-0.991907
-0.993526
-0.994821
-0.995856
-0.996685
-0.997348
-0.997879
-0.998303
-0.998642
-0.998914
-0.999131
-0.999305
-0.999444
-0.999555
-0.999644
-0.999715
-0.999772
-0.999818
-0.999854
-0.999883
-0.999907
-0.999925
-0.99994
-0.999952
-0.999962
-0.999969
-0.999976
-0.99998
-0.999984
-0.999987
-0.801284
-0.441027
-0.152822
0.0777426
0.262194
0.409755
0.293673
0.0349387
-0.172049
-0.337639
-0.470111
-0.576089
-0.660871
-0.728697
-0.782958
-0.826366
-0.861093
-0.888874
-0.911099
-0.92888
-0.943104
-0.954483
-0.963586
-0.970869
-0.976695
-0.981356
-0.985085
-0.988068
-0.990454
-0.992363
-0.993891
-0.995113
-0.99609
-0.996872
-0.997498
-0.997998
-0.998399
-0.998719
-0.998975
-0.99918
-0.999344
-0.999475
-0.99958
-0.999664
-0.999731
-0.999785
-0.999828
-0.999862
-0.99989
-0.999912
-0.99993
-0.999944
-0.999955
-0.999964
-0.999971
-0.999977
-0.999982
-0.999985
-0.999988
-0.999991
-0.81507
-0.452056
-0.161645
0.070684
0.256547
0.405238
0.32991
0.0639278
-0.148858
-0.319086
-0.455269
-0.564215
-0.651372
-0.721098
-0.776878
-0.821503
-0.857202
-0.885762
-0.908609
-0.926887
-0.94151
-0.953208
-0.962566
-0.970053
-0.976042
-0.980834
-0.984667
-0.987734
-0.990187
-0.99215
-0.99372
-0.994976
-0.995981
-0.996784
-0.997428
-0.997942
-0.998354
-0.998683
-0.998946
-0.999157
-0.999326
-0.999461
-0.999568
-0.999655
-0.999724
-0.999779
-0.999823
-0.999859
-0.999887
-0.999909
-0.999928
-0.999942
-0.999954
-0.999963
-0.99997
-0.999976
-0.999981
-0.999985
-0.999988
-0.99999
-0.999992
-0.599994
-0.279995
-0.023996
0.180803
0.344643
0.475714
0.386626
0.109301
-0.112559
-0.290047
-0.432038
-0.54563
-0.636504
-0.709203
-0.767363
-0.81389
-0.851112
-0.88089
-0.904712
-0.923769
-0.939016
-0.951212
-0.96097
-0.968776
-0.975021
-0.980017
-0.984013
-0.987211
-0.989769
-0.991815
-0.993452
-0.994761
-0.995809
-0.996647
-0.997318
-0.997854
-0.998283
-0.998627
-0.998901
-0.999121
-0.999297
-0.999438
-0.99955
-0.99964
-0.999712
-0.99977
-0.999816
-0.999853
-0.999882
-0.999906
-0.999925
-0.99994
-0.999952
-0.999961
-0.999969
-0.999975
-0.99998
-0.999984
-0.999987
-0.99999
-0.599992
-0.279994
-0.0239948
0.180804
0.344643
0.475715
0.389922
0.111937
-0.11045
-0.28836
-0.430688
-0.54455
-0.63564
-0.708512
-0.76681
-0.813448
-0.850758
-0.880607
-0.904485
-0.923588
-0.938871
-0.951096
-0.960877
-0.968702
-0.974961
-0.979969
-0.983975
-0.98718
-0.989744
-0.991795
-0.993436
-0.994749
-0.995799
-0.996639
-0.997312
-0.997849
-0.998279
-0.998623
-0.998899
-0.999119
-0.999295
-0.999436
-0.999549
-0.999639
-0.999711
-0.999769
-0.999815
-0.999852
-0.999882
-0.999905
-0.999924
-0.999939
-0.999952
-0.999961
-0.999969
-0.999975
-0.99998
-0.999984
-0.999987
-0.99999
-0.999992
-0.599993
-0.279995
-0.0239958
0.180803
0.344643
0.475714
0.372773
0.0982182
-0.121425
-0.29714
-0.437712
-0.55017
-0.640136
-0.712109
-0.769687
-0.81575
-0.8526
-0.88208
-0.905664
-0.924531
-0.939625
-0.9517
-0.96136
-0.969088
-0.97527
-0.980216
-0.984173
-0.987338
-0.989871
-0.991897
-0.993517
-0.994814
-0.995851
-0.996681
-0.997345
-0.997876
-0.998301
-0.99864
-0.998912
-0.99913
-0.999304
-0.999443
-0.999555
-0.999644
-0.999715
-0.999772
-0.999818
-0.999854
-0.999883
-0.999907
-0.999925
-0.99994
-0.999952
-0.999962
-0.999969
-0.999976
-0.99998
-0.999984
-0.999987
-0.819632
-0.455706
-0.164565
0.0683483
0.254679
0.403743
0.318678
0.0549424
-0.156046
-0.324837
-0.459869
-0.567896
-0.654316
-0.723453
-0.778763
-0.82301
-0.858408
-0.886726
-0.909381
-0.927505
-0.942004
-0.953603
-0.962883
-0.970306
-0.976245
-0.980996
-0.984797
-0.987837
-0.99027
-0.992216
-0.993773
-0.995018
-0.996015
-0.996812
-0.997449
-0.997959
-0.998368
-0.998694
-0.998955
-0.999164
-0.999331
-0.999465
-0.999572
-0.999658
-0.999726
-0.999781
-0.999825
-0.99986
-0.999888
-0.99991
-0.999928
-0.999943
-0.999954
-0.999963
-0.999971
-0.999976
-0.999981
-0.999985
-0.999988
-0.99999
-0.824234
-0.459387
-0.16751
0.0659922
0.252794
0.402235
0.279445
0.0235563
-0.181155
-0.344924
-0.475939
-0.580751
-0.664601
-0.731681
-0.785345
-0.828276
-0.862621
-0.890096
-0.912077
-0.929662
-0.943729
-0.954984
-0.963987
-0.971189
-0.976952
-0.981561
-0.985249
-0.988199
-0.990559
-0.992447
-0.993958
-0.995166
-0.996133
-0.996906
-0.997525
-0.99802
-0.998416
-0.998733
-0.998986
-0.999189
-0.999351
-0.999481
-0.999585
-0.999668
-0.999734
-0.999787
-0.99983
-0.999864
-0.999891
-0.999913
-0.99993
-0.999944
-0.999955
-0.999964
-0.999971
-0.999977
-0.999982
-0.999985
-0.999988
-0.999991
-0.999993
-0.599994
-0.279995
-0.0239962
0.180803
0.344642
0.475714
0.359
0.0871998
-0.13024
-0.304192
-0.443354
-0.554683
-0.643746
-0.714997
-0.771998
-0.817598
-0.854079
-0.883263
-0.90661
-0.925288
-0.940231
-0.952184
-0.961748
-0.969398
-0.975518
-0.980415
-0.984332
-0.987465
-0.989972
-0.991978
-0.993582
-0.994866
-0.995893
-0.996714
-0.997371
-0.997897
-0.998318
-0.998654
-0.998923
-0.999139
-0.999311
-0.999449
-0.999559
-0.999647
-0.999718
-0.999774
-0.999819
-0.999855
-0.999884
-0.999908
-0.999926
-0.999941
-0.999953
-0.999962
-0.99997
-0.999976
-0.999981
-0.999984
-0.999988
-0.99999
-0.599992
-0.279994
-0.0239949
0.180804
0.344643
0.475715
0.360325
0.0882599
-0.129392
-0.303514
-0.442811
-0.554249
-0.643399
-0.714719
-0.771775
-0.81742
-0.853936
-0.883149
-0.906519
-0.925215
-0.940172
-0.952138
-0.96171
-0.969368
-0.975495
-0.980396
-0.984317
-0.987453
-0.989963
-0.99197
-0.993576
-0.994861
-0.995889
-0.996711
-0.997369
-0.997895
-0.998316
-0.998653
-0.998922
-0.999138
-0.99931
-0.999448
-0.999559
-0.999647
-0.999717
-0.999774
-0.999819
-0.999855
-0.999884
-0.999907
-0.999926
-0.999941
-0.999953
-0.999962
-0.99997
-0.999976
-0.999981
-0.999984
-0.999988
-0.99999
-0.999992
-0.599994
-0.279995
-0.0239959
0.180803
0.344643
0.475714
0.345088
0.0760703
-0.139144
-0.311315
-0.449052
-0.559242
-0.647393
-0.717915
-0.774332
-0.819465
-0.855572
-0.884458
-0.907566
-0.926053
-0.940842
-0.952674
-0.962139
-0.969711
-0.975769
-0.980615
-0.984492
-0.987594
-0.990075
-0.99206
-0.993648
-0.994918
-0.995935
-0.996748
-0.997398
-0.997919
-0.998335
-0.998668
-0.998934
-0.999147
-0.999318
-0.999454
-0.999563
-0.999651
-0.999721
-0.999777
-0.999821
-0.999857
-0.999886
-0.999908
-0.999927
-0.999941
-0.999953
-0.999963
-0.99997
-0.999976
-0.999981
-0.999985
-0.999988
-0.818421
-0.454737
-0.16379
0.0689683
0.255175
0.40414
0.279222
0.0233778
-0.181298
-0.345038
-0.476031
-0.580824
-0.66466
-0.731728
-0.785382
-0.828306
-0.862645
-0.890116
-0.912093
-0.929674
-0.943739
-0.954991
-0.963993
-0.971194
-0.976956
-0.981564
-0.985252
-0.988201
-0.990561
-0.992449
-0.993959
-0.995167
-0.996134
-0.996907
-0.997526
-0.99802
-0.998416
-0.998733
-0.998986
-0.999189
-0.999351
-0.999481
-0.999585
-0.999668
-0.999734
-0.999787
-0.99983
-0.999864
-0.999891
-0.999913
-0.99993
-0.999944
-0.999955
-0.999964
-0.999971
-0.999977
-0.999982
-0.999985
-0.999988
-0.999991
-0.812817
-0.450254
-0.160203
0.0718377
0.25747
0.405976
0.307628
0.0461024
-0.163118
-0.330494
-0.464396
-0.571516
-0.657213
-0.725771
-0.780616
-0.824493
-0.859595
-0.887676
-0.91014
-0.928112
-0.94249
-0.953992
-0.963194
-0.970555
-0.976444
-0.981155
-0.984924
-0.987939
-0.990351
-0.992281
-0.993825
-0.99506
-0.996048
-0.996838
-0.997471
-0.997977
-0.998381
-0.998705
-0.998964
-0.999171
-0.999337
-0.99947
-0.999576
-0.999661
-0.999728
-0.999783
-0.999826
-0.999861
-0.999889
-0.999911
-0.999929
-0.999943
-0.999954
-0.999964
-0.999971
-0.999977
-0.999981
-0.999985
-0.999988
-0.99999
-0.999992
-0.599994
-0.279995
-0.0239961
0.180803
0.344643
0.475714
0.35949
0.0875922
-0.129926
-0.303941
-0.443153
-0.554522
-0.643618
-0.714894
-0.771915
-0.817532
-0.854026
-0.883221
-0.906577
-0.925261
-0.940209
-0.952167
-0.961734
-0.969387
-0.97551
-0.980408
-0.984326
-0.987461
-0.989969
-0.991975
-0.99358
-0.994864
-0.995891
-0.996713
-0.99737
-0.997896
-0.998317
-0.998654
-0.998923
-0.999138
-0.999311
-0.999449
-0.999559
-0.999647
-0.999718
-0.999774
-0.999819
-0.999855
-0.999884
-0.999907
-0.999926
-0.999941
-0.999953
-0.999962
-0.99997
-0.999976
-0.999981
-0.999984
-0.999988
-0.99999
-0.599992
-0.279994
-0.0239949
0.180804
0.344643
0.475715
0.361007
0.0888054
-0.128956
-0.303165
-0.442532
-0.554025
-0.64322
-0.714576
-0.771661
-0.817329
-0.853863
-0.88309
-0.906472
-0.925178
-0.940142
-0.952114
-0.961691
-0.969353
-0.975482
-0.980386
-0.984309
-0.987447
-0.989958
-0.991966
-0.993573
-0.994858
-0.995887
-0.996709
-0.997367
-0.997894
-0.998315
-0.998652
-0.998922
-0.999137
-0.99931
-0.999448
-0.999558
-0.999647
-0.999717
-0.999774
-0.999819
-0.999855
-0.999884
-0.999907
-0.999926
-0.999941
-0.999953
-0.999962
-0.99997
-0.999976
-0.999981
-0.999984
-0.999988
-0.99999
-0.599992
-0.279994
-0.0239949
0.180804
0.344643
0.475715
0.388439
0.110751
-0.111399
-0.289119
-0.431296
-0.545036
-0.636029
-0.708823
-0.767059
-0.813647
-0.850918
-0.880734
-0.904587
-0.92367
-0.938936
-0.951149
-0.960919
-0.968735
-0.974988
-0.97999
-0.983992
-0.987194
-0.989755
-0.991804
-0.993443
-0.994755
-0.995804
-0.996643
-0.997314
-0.997851
-0.998281
-0.998625
-0.9989
-0.99912
-0.999296
-0.999437
-0.999549
-0.99964
-0.999712
-0.999769
-0.999815
-0.999852
-0.999882
-0.999906
-0.999924
-0.99994
-0.999952
-0.999961
-0.999969
-0.999975
-0.99998
-0.999984
-0.999987
-0.99999
-0.999992
-0.599994
-0.279995
-0.0239958
0.180803
0.344643
0.475714
0.370886
0.0967091
-0.122633
-0.298106
-0.438485
-0.550788
-0.64063
-0.712504
-0.770003
-0.816003
-0.852802
-0.882242
-0.905793
-0.924635
-0.939708
-0.951766
-0.961413
-0.96913
-0.975304
-0.980243
-0.984195
-0.987356
-0.989885
-0.991908
-0.993526
-0.994821
-0.995857
-0.996685
-0.997348
-0.997879
-0.998303
-0.998642
-0.998914
-0.999131
-0.999305
-0.999444
-0.999555
-0.999644
-0.999715
-0.999772
-0.999818
-0.999854
-0.999883
-0.999907
-0.999925
-0.99994
-0.999952
-0.999962
-0.999969
-0.999976
-0.99998
-0.999984
-0.999987
-0.821778
-0.457422
-0.165938
0.0672499
0.2538
0.40304
0.279301
0.0234409
-0.181247
-0.344998
-0.475998
-0.580799
-0.664639
-0.731711
-0.785369
-0.828295
-0.862636
-0.890109
-0.912087
-0.92967
-0.943736
-0.954989
-0.963991
-0.971193
-0.976954
-0.981563
-0.985251
-0.988201
-0.99056
-0.992448
-0.993959
-0.995167
-0.996134
-0.996907
-0.997525
-0.99802
-0.998416
-0.998733
-0.998986
-0.999189
-0.999351
-0.999481
-0.999585
-0.999668
-0.999734
-0.999787
-0.99983
-0.999864
-0.999891
-0.999913
-0.99993
-0.999944
-0.999955
-0.999964
-0.999971
-0.999977
-0.999982
-0.999985
-0.999988
-0.999991
-0.81951
-0.455608
-0.164486
0.0684109
0.254729
0.403783
0.305394
0.0443152
-0.164548
-0.331638
-0.465311
-0.572248
-0.657799
-0.726239
-0.780991
-0.824793
-0.859834
-0.887868
-0.910294
-0.928235
-0.942588
-0.954071
-0.963256
-0.970605
-0.976484
-0.981187
-0.98495
-0.98796
-0.990368
-0.992294
-0.993835
-0.995068
-0.996055
-0.996844
-0.997475
-0.99798
-0.998384
-0.998707
-0.998966
-0.999173
-0.999338
-0.99947
-0.999576
-0.999661
-0.999729
-0.999783
-0.999826
-0.999861
-0.999889
-0.999911
-0.999929
-0.999943
-0.999955
-0.999964
-0.999971
-0.999977
-0.999981
-0.999985
-0.999988
-0.99999
-0.999992
-0.599994
-0.279995
-0.0239961
0.180803
0.344643
0.475714
0.359496
0.0875968
-0.129923
-0.303938
-0.44315
-0.55452
-0.643616
-0.714893
-0.771914
-0.817532
-0.854025
-0.88322
-0.906576
-0.925261
-0.940209
-0.952167
-0.961734
-0.969387
-0.975509
-0.980408
-0.984326
-0.987461
-0.989969
-0.991975
-0.99358
-0.994864
-0.995891
-0.996713
-0.99737
-0.997896
-0.998317
-0.998654
-0.998923
-0.999138
-0.999311
-0.999449
-0.999559
-0.999647
-0.999718
-0.999774
-0.999819
-0.999855
-0.999884
-0.999907
-0.999926
-0.999941
-0.999953
-0.999962
-0.99997
-0.999976
-0.999981
-0.999984
-0.999988
-0.99999
-0.599992
-0.279994
-0.0239949
0.180804
0.344643
0.475715
0.361786
0.0894285
-0.128457
-0.302766
-0.442213
-0.55377
-0.643016
-0.714413
-0.77153
-0.817224
-0.853779
-0.883024
-0.906419
-0.925135
-0.940108
-0.952086
-0.961669
-0.969335
-0.975468
-0.980375
-0.9843
-0.98744
-0.989952
-0.991961
-0.993569
-0.994855
-0.995884
-0.996707
-0.997366
-0.997893
-0.998314
-0.998651
-0.998921
-0.999137
-0.999309
-0.999448
-0.999558
-0.999646
-0.999717
-0.999774
-0.999819
-0.999855
-0.999884
-0.999907
-0.999926
-0.999941
-0.999953
-0.999962
-0.99997
-0.999976
-0.999981
-0.999984
-0.999988
-0.99999
-0.999992
-0.599994
-0.279995
-0.0239959
0.180803
0.344643
0.475714
0.344491
0.0755926
-0.139526
-0.311621
-0.449297
-0.559437
-0.64755
-0.71804
-0.774432
-0.819546
-0.855636
-0.884509
-0.907607
-0.926086
-0.940869
-0.952695
-0.962156
-0.969725
-0.97578
-0.980624
-0.984499
-0.987599
-0.990079
-0.992064
-0.993651
-0.994921
-0.995937
-0.996749
-0.997399
-0.99792
-0.998336
-0.998668
-0.998935
-0.999148
-0.999318
-0.999455
-0.999564
-0.999651
-0.999721
-0.999777
-0.999821
-0.999857
-0.999886
-0.999908
-0.999927
-0.999941
-0.999953
-0.999963
-0.99997
-0.999976
-0.999981
-0.999985
-0.999988
-0.81392
-0.451136
-0.160909
0.0712729
0.257018
0.405615
0.306763
0.0454106
-0.163672
-0.330937
-0.46475
-0.5718
-0.65744
-0.725952
-0.780762
-0.824609
-0.859687
-0.88775
-0.9102
-0.92816
-0.942528
-0.954022
-0.963218
-0.970574
-0.976459
-0.981168
-0.984934
-0.987947
-0.990358
-0.992286
-0.993829
-0.995063
-0.996051
-0.99684
-0.997472
-0.997978
-0.998382
-0.998706
-0.998965
-0.999172
-0.999337
-0.99947
-0.999576
-0.999661
-0.999729
-0.999783
-0.999826
-0.999861
-0.999889
-0.999911
-0.999929
-0.999943
-0.999954
-0.999964
-0.999971
-0.999977
-0.999981
-0.999985
-0.999988
-0.99999
-0.812799
-0.450239
-0.160191
0.0718468
0.257477
0.405982
0.307471
0.0459765
-0.163219
-0.330575
-0.46446
-0.571568
-0.657254
-0.725804
-0.780643
-0.824514
-0.859611
-0.887689
-0.910151
-0.928121
-0.942497
-0.953997
-0.963198
-0.970558
-0.976447
-0.981157
-0.984926
-0.987941
-0.990353
-0.992282
-0.993826
-0.995061
-0.996048
-0.996839
-0.997471
-0.997977
-0.998381
-0.998705
-0.998964
-0.999171
-0.999337
-0.99947
-0.999576
-0.999661
-0.999728
-0.999783
-0.999826
-0.999861
-0.999889
-0.999911
-0.999929
-0.999943
-0.999954
-0.999964
-0.999971
-0.999977
-0.999981
-0.999985
-0.999988
-0.99999
-0.999992
-0.599994
-0.279995
-0.0239961
0.180803
0.344643
0.475714
0.359626
0.087701
-0.129839
-0.303871
-0.443097
-0.554478
-0.643582
-0.714866
-0.771893
-0.817514
-0.854011
-0.883209
-0.906567
-0.925254
-0.940203
-0.952162
-0.96173
-0.969384
-0.975507
-0.980406
-0.984325
-0.98746
-0.989968
-0.991974
-0.993579
-0.994863
-0.995891
-0.996713
-0.99737
-0.997896
-0.998317
-0.998653
-0.998923
-0.999138
-0.999311
-0.999448
-0.999559
-0.999647
-0.999718
-0.999774
-0.999819
-0.999855
-0.999884
-0.999907
-0.999926
-0.999941
-0.999953
-0.999962
-0.99997
-0.999976
-0.999981
-0.999984
-0.999988
-0.99999
-0.599992
-0.279994
-0.0239949
0.180804
0.344643
0.475715
0.360092
0.0880737
-0.129541
-0.303633
-0.442906
-0.554325
-0.64346
-0.714768
-0.771814
-0.817452
-0.853961
-0.883169
-0.906535
-0.925228
-0.940183
-0.952146
-0.961717
-0.969373
-0.975499
-0.980399
-0.984319
-0.987455
-0.989964
-0.991971
-0.993577
-0.994862
-0.995889
-0.996711
-0.997369
-0.997895
-0.998316
-0.998653
-0.998922
-0.999138
-0.99931
-0.999448
-0.999559
-0.999647
-0.999718
-0.999774
-0.999819
-0.999855
-0.999884
-0.999907
-0.999926
-0.999941
-0.999953
-0.999962
-0.99997
-0.999976
-0.999981
-0.999984
-0.999988
-0.99999
-0.999992
-0.599994
-0.279995
-0.0239959
0.180803
0.344643
0.475714
0.371335
0.097068
-0.122346
-0.297876
-0.438301
-0.550641
-0.640513
-0.71241
-0.769928
-0.815943
-0.852754
-0.882203
-0.905763
-0.92461
-0.939688
-0.95175
-0.9614
-0.96912
-0.975296
-0.980237
-0.98419
-0.987352
-0.989881
-0.991905
-0.993524
-0.994819
-0.995855
-0.996684
-0.997347
-0.997878
-0.998302
-0.998642
-0.998914
-0.999131
-0.999305
-0.999444
-0.999555
-0.999644
-0.999715
-0.999772
-0.999818
-0.999854
-0.999883
-0.999907
-0.999925
-0.99994
-0.999952
-0.999962
-0.999969
-0.999976
-0.99998
-0.999984
-0.999987
-0.81399
-0.451192
-0.160954
0.0712371
0.25699
0.405592
0.306747
0.0453977
-0.163682
-0.330945
-0.464756
-0.571805
-0.657444
-0.725955
-0.780764
-0.824611
-0.859689
-0.887751
-0.910201
-0.928161
-0.942529
-0.954023
-0.963218
-0.970575
-0.97646
-0.981168
-0.984934
-0.987947
-0.990358
-0.992286
-0.993829
-0.995063
-0.996051
-0.99684
-0.997472
-0.997978
-0.998382
-0.998706
-0.998965
-0.999172
-0.999337
-0.99947
-0.999576
-0.999661
-0.999729
-0.999783
-0.999826
-0.999861
-0.999889
-0.999911
-0.999929
-0.999943
-0.999954
-0.999964
-0.999971
-0.999977
-0.999981
-0.999985
-0.999988
-0.99999
-0.810591
-0.448473
-0.158778
0.0729774
0.258382
0.406706
0.321364
0.0570911
-0.154327
-0.323462
-0.458769
-0.567015
-0.653612
-0.72289
-0.778312
-0.82265
-0.85812
-0.886496
-0.909197
-0.927357
-0.941886
-0.953509
-0.962807
-0.970246
-0.976196
-0.980957
-0.984766
-0.987813
-0.99025
-0.9922
-0.99376
-0.995008
-0.996006
-0.996805
-0.997444
-0.997955
-0.998364
-0.998691
-0.998953
-0.999162
-0.99933
-0.999464
-0.999571
-0.999657
-0.999726
-0.99978
-0.999824
-0.999859
-0.999888
-0.99991
-0.999928
-0.999942
-0.999954
-0.999963
-0.999971
-0.999976
-0.999981
-0.999985
-0.999988
-0.99999
-0.999992
-0.599994
-0.279995
0.0729774
0.258382