-0.889838
-0.911871
-0.929497
-0.943597
-0.954878
-0.963902
-0.971122
-0.976897
-0.981518
-0.985214
-0.988171
-0.990537
-0.99243
-0.993944
-0.995155
-0.996124
-0.996899
-0.997519
-0.998016
-0.998412
-0.99873
-0.998984
-0.999187
-0.99935
-0.99948
-0.999584
-0.999667
-0.98527
-0.876331
-0.541553
-0.233242
0.013406
0.210725
0.36858
0.494864
0.595891
0.676713
0.661814
0.510006
0.341922
0.178039
0.0381053
-0.0525288
-0.116437
-0.108578
-0.108773
-0.107142
-0.104336
-0.102317
-0.0993043
-0.153896
-0.2456
-0.353638
-0.457823
-0.554942
-0.643954
-0.715163
-0.77213
-0.817704
-0.854163
-0.883331
-0.906665
-0.925332
-0.940265
-0.952212
-0.96177
-0.969416
-0.975533
-0.980426
-0.984341
-0.987473
-0.989978
-0.991983
-0.993586
-0.994869
-0.995895
-0.996716
-0.997373
-0.997898
-0.998319
-0.998655
-0.998924
-0.999139
-0.999311
-0.999449
-0.999559
-0.999647
-0.974807
-0.857527
-0.490235
-0.192188
0.0462498
0.237
0.3896
0.51168
0.609344
0.687475
0.682105
0.52515
0.345802
0.173025
0.0245833
-0.0731735
-0.138199
-0.129599
-0.124101
-0.122249
-0.121234
-0.120757
-0.118701
-0.175093
-0.265805
-0.373038
-0.476771
-0.569878
-0.655309
-0.724247
-0.779398
-0.823518
-0.858815
-0.887052
-0.909641
-0.927713
-0.94217
-0.953736
-0.962989
-0.970391
-0.976313
-0.98105
-0.98484
-0.987872
-0.990298
-0.992238
-0.993791
-0.995032
-0.996026
-0.996821
-0.997457
-0.997965
-0.998372
-0.998698
-0.998958
-0.999167
-0.999333
-0.999467
-0.999573
-0.999659
-0.999727
-0.960742
-0.84645
-0.481762
-0.18541
0.0516723
0.241338
0.39307
0.514456
0.611565
0.689252
0.680874
0.523474
0.347004
0.174071
0.0261517
-0.0717421
-0.138441
-0.127131
-0.120217
-0.118451
-0.117302
-0.120019
-0.112935
-0.171214
-0.260885
-0.370314
-0.475454
-0.570013
-0.65601
-0.724808
-0.779846
-0.823877
-0.859102
-0.887281
-0.909825
-0.92786
-0.942288
-0.95383
-0.963064
-0.970451
-0.976361
-0.981089
-0.984871
-0.987897
-0.990318
-0.992254
-0.993803
-0.995043
-0.996034
-0.996827
-0.997462
-0.997969
-0.998376
-0.9987
-0.99896
-0.999168
-0.999335
-0.999468
-0.999574
-0.999659
-0.922968
-0.735951
-0.388761
-0.111009
0.111193
0.288955
0.431164
0.544931
0.635945
0.634204
0.479524
0.303641
0.127943
-0.000602964
-0.0937093
-0.17219
-0.180625
-0.158376
-0.146387
-0.135396
-0.125793
-0.115178
-0.16541
-0.253876
-0.355672
-0.452423
-0.542031
-0.620761
-0.696609
-0.757287
-0.805829
-0.844664
-0.875731
-0.900585
-0.920468
-0.936374
-0.949099
-0.959279
-0.967424
-0.973939
-0.979151
-0.983321
-0.986657
-0.989325
-0.99146
-0.993168
-0.994535
-0.995628
-0.996502
-0.997202
-0.997761
-0.998209
-0.998567
-0.998854
-0.999083
-0.999266
-0.999413
-0.999531
-0.999624
-0.9997
-0.926857
-0.747138
-0.397711
-0.118169
0.105465
0.284372
0.427498
0.541998
0.633599
0.66122
0.510149
0.334689
0.165866
0.0171293
-0.0958232
-0.189492
-0.207522
-0.195361
-0.17851
-0.16709
-0.158283
-0.147023
-0.199075
-0.286818
-0.387609
-0.481518
-0.566815
-0.645537
-0.71643
-0.773144
-0.818515
-0.854812
-0.88385
-0.90708
-0.925664
-0.940531
-0.952425
-0.96194
-0.969552
-0.975641
-0.980513
-0.984411
-0.987528
-0.990023
-0.992018
-0.993615
-0.994892
-0.995913
-0.996731
-0.997385
-0.997908
-0.998326
-0.998661
-0.998929
-0.999143
-0.999314
-0.999451
-0.999561
-0.999649
-0.999719
-0.965997
-0.855137
-0.499595
-0.199676
0.0402593
0.232207
0.385766
0.508613
0.60689
0.685512
0.683378
0.526688
0.34752
0.176015
0.0274173
-0.0707927
-0.136188
-0.128061
-0.123041
-0.120984
-0.120481
-0.120345
-0.118565
-0.176751
-0.269445
-0.377643
-0.480027
-0.576579
-0.661263
-0.729011
-0.783208
-0.826567
-0.861253
-0.889003
-0.911202
-0.928962
-0.943169
-0.954536
-0.963628
-0.970903
-0.976722
-0.981378
-0.985102
-0.988082
-0.990465
-0.992372
-0.993898
-0.995118
-0.996095
-0.996876
-0.997501
-0.998
-0.9984
-0.99872
-0.998976
-0.999181
-0.999345
-0.999476
-0.999581
-0.999665
-0.985277
-0.876334
-0.541564
-0.233251
0.0133993
0.210719
0.368576
0.49486
0.595888
0.676711
0.66169
0.50989
0.341823
0.177951
0.0380292
-0.0525942
-0.11649
-0.10862
-0.108806
-0.107169
-0.104358
-0.102336
-0.0993192
-0.153904
-0.247734
-0.354879
-0.459686
-0.553689
-0.64005
-0.71204
-0.769632
-0.815706
-0.852565
-0.882052
-0.905641
-0.924513
-0.93961
-0.951688
-0.961351
-0.969081
-0.975264
-0.980212
-0.984169
-0.987335
-0.989868
-0.991895
-0.993516
-0.994813
-0.99585
-0.99668
-0.997344
-0.997875
-0.9983
-0.99864
-0.998912
-0.99913
-0.999304
-0.999443
-0.999554
-0.999644
-0.999715
-0.961043
-0.846707
-0.481781
-0.185425
0.0516599
0.241328
0.393062
0.51445
0.61156
0.689248
0.681157
0.523746
0.347288
0.17437
0.0264909
-0.0714136
-0.138163
-0.126919
-0.120332
-0.118843
-0.117643
-0.120345
-0.113239
-0.171459
-0.260846
-0.370291
-0.475565
-0.570264
-0.656211
-0.724969
-0.779975
-0.82398
-0.859184
-0.887347
-0.909878
-0.927902
-0.942322
-0.953857
-0.963086
-0.970469
-0.976375
-0.9811
-0.98488
-0.987904
-0.990323
-0.992259
-0.993807
-0.995045
-0.996036
-0.996829
-0.997463
-0.997971
-0.998377
-0.998701
-0.998961
-0.999169
-0.999335
-0.999468
-0.999574
-0.99966
-0.920879
-0.730514
-0.384411
-0.107529
0.113977
0.291182
0.432945
0.546356
0.637085
0.640485
0.489911
0.316656
0.150144
0.00389692
-0.106384
-0.198609
-0.215762
-0.196667
-0.177318
-0.165454
-0.156554
-0.146281
-0.203603
-0.292676
-0.394624
-0.490453
-0.578706
-0.657305
-0.725844
-0.780675
-0.82454
-0.859632
-0.887706
-0.910165
-0.928132
-0.942505
-0.954004
-0.963203
-0.970563
-0.97645
-0.98116
-0.984928
-0.987942
-0.990354
-0.992283
-0.993827
-0.995061
-0.996049
-0.996839
-0.997471
-0.997977
-0.998382
-0.998705
-0.998964
-0.999171
-0.999337
-0.99947
-0.999576
-0.999661
-0.999728
-0.918959
-0.727068
-0.381655
-0.105324
0.115741
0.292593
0.434074
0.547259
0.637808
0.666128
0.514447
0.338742
0.16955
0.0205503
-0.0925546
-0.186791
-0.205305
-0.189998
-0.170643
-0.158039
-0.148242
-0.136382
-0.189805
-0.278289
-0.378629
-0.472559
-0.55814
-0.636311
-0.707623
-0.766098
-0.812879
-0.850303
-0.880242
-0.904194
-0.923355
-0.938684
-0.950947
-0.960758
-0.968606
-0.974885
-0.979908
-0.983926
-0.987141
-0.989713
-0.99177
-0.993416
-0.994733
-0.995786
-0.996629
-0.997303
-0.997843
-0.998274
-0.998619
-0.998895
-0.999116
-0.999293
-0.999434
-0.999548
-0.999638
-0.99971
-0.978163
-0.874142
-0.547614
-0.238092
0.00952677
0.207621
0.366097
0.492878
0.594302
0.675442
0.676072
0.514536
0.340695
0.17642
0.0394956
-0.0498055
-0.113192
-0.108529
-0.105032
-0.10509
-0.104075
-0.103498
-0.100534
-0.15755
-0.250444
-0.358226
-0.462514
-0.559692
-0.647754
-0.718203
-0.774562
-0.81965
-0.85572
-0.884576
-0.907661
-0.926129
-0.940903
-0.952722
-0.962178
-0.969742
-0.975794
-0.980635
-0.984508
-0.987606
-0.990085
-0.992068
-0.993654
-0.994924
-0.995939
-0.996751
-0.997401
-0.997921
-0.998337
-0.998669
-0.998935
-0.999148
-0.999319
-0.999455
-0.999564
-0.999651
-0.974922
-0.857587
-0.4904
-0.19232
0.046144
0.236915
0.389532
0.511626
0.609301
0.68744
0.681969
0.52503
0.345692
0.172915
0.0244531
-0.0733078
-0.138347
-0.129603
-0.124071
-0.122136
-0.121136
-0.120666
-0.118594
-0.175057
-0.270151
-0.381675
-0.485842
-0.577291
-0.661057
-0.728845
-0.783076
-0.826461
-0.861169
-0.888935
-0.911148
-0.928918
-0.943135
-0.954508
-0.963606
-0.970885
-0.976708
-0.981366
-0.985093
-0.988074
-0.99046
-0.992368
-0.993894
-0.995115
-0.996092
-0.996874
-0.997499
-0.997999
-0.998399
-0.99872
-0.998976
-0.99918
-0.999344
-0.999476
-0.99958
-0.999664
-0.999731
-0.960302
-0.849831
-0.508553
-0.206843
0.0345258
0.227621
0.382096
0.505677
0.604542
0.683633
0.679601
0.510241
0.321949
0.154779
0.027197
-0.0570351
-0.120306
-0.106345
-0.102911
-0.0999506
-0.0974709
-0.0986592
-0.0912463
-0.146895
-0.238747
-0.349559
-0.456927
-0.560239
-0.648191
-0.718553
-0.774842
-0.819874
-0.855899
-0.884719
-0.907775
-0.92622
-0.940976
-0.952781
-0.962225
-0.96978
-0.975824
-0.980659
-0.984527
-0.987622
-0.990097
-0.992078
-0.993662
-0.99493
-0.995944
-0.996755
-0.997404
-0.997923
-0.998339
-0.998671
-0.998937
-0.999149
-0.99932
-0.999456
-0.999564
-0.999652
-0.92089
-0.730489
-0.384391
-0.107513
0.11399
0.291192
0.432953
0.546363
0.63709
0.640202
0.489695
0.316487
0.150014
0.00384137
-0.106377
-0.198613
-0.215743
-0.247092
-0.255516
-0.219783
-0.195036
-0.17533
-0.225109
-0.309575
-0.407757
-0.500718
-0.586817
-0.663863
-0.731091
-0.784872
-0.827898
-0.862318
-0.889855
-0.911884
-0.929507
-0.943606
-0.954884
-0.963908
-0.971126
-0.976901
-0.981521
-0.985217
-0.988173
-0.990539
-0.992431
-0.993945
-0.995156
-0.996125
-0.9969
-0.99752
-0.998016
-0.998413
-0.99873
-0.998984
-0.999187
-0.99935
-0.99948
-0.999584
-0.999667
-0.999734
-0.918931
-0.727011
-0.381609
-0.105287
0.11577
0.292616
0.434093
0.547274
0.63782
0.665996
0.514395
0.33873
0.169574
0.0206592
-0.0923747
-0.18667
-0.205176
-0.189961
-0.170657
-0.158255
-0.148429
-0.1367
-0.189881
-0.278184
-0.378474
-0.472447
-0.558138
-0.636181
-0.707646
-0.766117
-0.812893
-0.850315
-0.880252
-0.904201
-0.923361
-0.938689
-0.950951
-0.560761
-0.648609
-0.718887
-0.77511
-0.820088
-0.85607
-0.884856
-0.907885
-0.926308
-0.941046
-0.952837
-0.96227
-0.969816
-0.975853
-0.980682
-0.984546
-0.987637
-0.990109
-0.992087
-0.99367
-0.994936
-0.995949
-0.996759
-0.963832
-0.85339
-0.497784
-0.198227
0.0414185
0.233135
0.386508
0.509206
0.607365
0.685892
0.682908
0.526086
0.346807
0.175325
0.0267254
-0.0713339
-0.136648
-0.129843
-0.12611
-0.124892
-0.124902
-0.125145
-0.122608
-0.182657
-0.275331
-0.38247
-0.483981
-0.579788
-0.66383
-0.731064
-0.784851
-0.827881
-0.862305
-0.889844
-0.911875
-0.9295
-0.9436
-0.95488
-0.963904
-0.971123
-0.976899
-0.981519
-0.985215
-0.988172
-0.990538
-0.99243
-0.993944
-0.995155
-0.996124
-0.996899
-0.99752
-0.998016
-0.998412
-0.99873
-0.998984
-0.999187
-0.99935
-0.99948
-0.999584
-0.999667
-0.974982
-0.857617
-0.490473
-0.192378
0.0460975
0.236878
0.389502
0.511602
0.609282
0.687425
0.681908
0.524977
0.345643
0.172867
0.0243974
-0.0733649
-0.138387
-0.12957
-0.124024
-0.122062
-0.121072
-0.12061
-0.118535
-0.175032
-0.26616
-0.373478
-0.475874
-0.572172
-0.657737
-0.72619
-0.780952
-0.824761
-0.859809
-0.887847
-0.910278
-0.928222
-0.942578
-0.954062
-0.96325
-0.9706
-0.97648
-0.981184
-0.984947
-0.987958
-0.990366
-0.992293
-0.993834
-0.995067
-0.996054
-0.996843
-0.997475
-0.99798
-0.998384
-0.998707
-0.998966
-0.999172
-0.999338
-0.99947
-0.999576
-0.999661
-0.985137
-0.875693
-0.539851
-0.231881
0.0144954
0.211596
0.369277
0.495422
0.596337
0.67707
0.676595
0.519254
0.346843
0.182329
0.0434229
-0.0479554
-0.112438
-0.105531
-0.106469
-0.105318
-0.102884
-0.10116
-0.0983867
-0.153175
-0.247204
-0.354439
-0.459328
-0.553397
-0.639822
-0.711857
-0.769486
-0.815589
-0.852471
-0.881977
-0.905581
-0.924465
-0.939572
-0.951658
-0.961326
-0.969061
-0.975249
-0.980199
-0.984159
-0.987327
-0.989862
-0.99189
-0.993512
-0.994809
-0.995847
-0.996678
-0.997342
-0.997874
-0.998299
-0.998639
-0.998911
-0.999129
-0.999303
-0.999443
-0.999554
-0.999643
-0.999715
-0.960949
-0.846627
-0.481786
-0.185428
0.0516573
0.241326
0.393061
0.514449
0.611559
0.689247
0.681054
0.52365
0.347191
0.174268
0.0263745
-0.0715271
-0.138268
-0.126995
-0.120286
-0.118698
-0.117518
-0.120227
-0.113153
-0.17145
-0.26084
-0.370273
-0.475498
-0.570153
-0.656122
-0.724898
-0.779918
-0.823935
-0.859148
-0.887318
-0.909855
-0.927884
-0.942307
-0.953846
-0.963076
-0.970461
-0.976369
-0.981095
-0.984876
-0.987901
-0.990321
-0.992257
-0.993805
-0.995044
-0.996035
-0.996828
-0.997463
-0.99797
-0.998376
-0.998701
-0.998961
-0.999169
-0.999335
-0.999468
-0.999574
-0.999659
-0.920852
-0.730433
-0.384347
-0.107477
0.114018
0.291214
0.432972
0.546377
0.637102
0.640328
0.489806
0.316583
0.150089
0.00382764
-0.107008
-0.19954
-0.216442
-0.196807
-0.17649
-0.163774
-0.153662
-0.142319
-0.197611
-0.284922
-0.385239
-0.479274
-0.56557
-0.642211
-0.713769
-0.771015
-0.816812
-0.85345
-0.88276
-0.906208
-0.924966
-0.939973
-0.951978
-0.961583
-0.969266
-0.975413
-0.98033
-0.984264
-0.987411
-0.989929
-0.991943
-0.993555
-0.994844
-0.995875
-0.9967
-0.99736
-0.997888
-0.99831
-0.998648
-0.998919
-0.999135
-0.999308
-0.599446
-0.40985
-0.423042
-0.438543
-0.434896
-0.399398
-0.119518
0.104385
0.283508
0.426807
0.541445
0.633156
0.706525
0.704349
0.539017
0.353998
0.169708
0.034279
-0.0640549
-0.147653
-0.161035
-0.152543
-0.140157
-0.133353
-0.126146
-0.116657
-0.167336
-0.255772
-0.358019
-0.45356
-0.541632
-0.621274
-0.695255
-0.756204
-0.804963
-0.843971
-0.875176
-0.900141
-0.920113
-0.93609
-0.948872
-0.959098
-0.967278
-0.973823
-0.979058
-0.983246
-0.986597
-0.989278
-0.991422
-0.993138
-0.99451
-0.995608
-0.996487
-0.997189
-0.997751
-0.998201
-0.998561
-0.998849
-0.999079
-0.999263
-0.999411
-0.999528
-0.999623
-0.999698
-0.983416
-0.883494
-0.563511
-0.250808
-0.000646775
0.199483
0.359586
0.487669
0.590135
0.672108
0.673721
0.517086
0.345341
0.181385
0.0403274
-0.0504457
-0.113528
-0.106943
-0.103384
-0.102885
-0.101451
-0.100419
-0.0978838
-0.154384
-0.2463
-0.354761
-0.459762
-0.557547
-0.646038
-0.71683
-0.773464
-0.818771
-0.855017
-0.884014
-0.907211
-0.925769
-0.940615
-0.952492
-0.961994
-0.969595
-0.975676
-0.980541
-0.984433
-0.987546
-0.990037
-0.992029
-0.993624
-0.994899
-0.995919
-0.996735
-0.997388
-0.997911
-0.998328
-0.998663
-0.99893
-0.999144
-0.999315
-0.999452
-0.999562
-0.999649
-0.974984
-0.857612
-0.490485
-0.192388
0.0460894
0.236872
0.389497
0.511598
0.609278
0.687423
0.681887
0.524958
0.345626
0.172851
0.0243781
-0.0733847
-0.1384
-0.129558
-0.124007
-0.122037
-0.121051
-0.120591
-0.118515
-0.175023
-0.265726
-0.372995
-0.476687
-0.56975
-0.655222
-0.724177
-0.779342
-0.823473
-0.858779
-0.887023
-0.909618
-0.927695
-0.942156
-0.953725
-0.96298
-0.970384
-0.976307
-0.981046
-0.984836
-0.987869
-0.990295
-0.992236
-0.993789
-0.995031
-0.996025
-0.99682
-0.997456
-0.997965
-0.998372
-0.998697
-0.998958
-0.999166
-0.999333
-0.999466
-0.999573
-0.999659
-0.999727
-0.970623
-0.862832
-0.528797
-0.223038
0.0215697
0.217256
0.373805
0.499044
0.599235
0.679388
0.661625
0.509168
0.339605
0.171302
0.0330546
-0.0577001
-0.12024
-0.111796
-0.108373
-0.104863
-0.101604
-0.101992
-0.0941209
-0.149319
-0.24032
-0.350818
-0.457924
-0.553721
-0.642977
-0.714381
-0.771505
-0.817204
-0.853763
-0.883011
-0.906408
-0.925127
-0.940101
-0.952081
-0.961665
-0.969332
-0.975466
-0.980372
-0.984298
-0.987438
-0.989951
-0.991961
-0.993568
-0.994855
-0.995884
-0.996707
-0.997366
-0.997893
-0.998314
-0.998651
-0.998921
-0.999137
-0.999309
-0.999448
-0.999558
-0.999646
-0.920886
-0.730486
-0.384388
-0.107511
0.113991
0.291193
0.432955
0.546364
0.637091
0.640203
0.489695
0.316487
0.150014
0.00384145
-0.106377
-0.198613
-0.215743
-0.196654
-0.177357
-0.165575
-0.156667
-0.146386
-0.203706
-0.292665
-0.394576
-0.490421
-0.578715
-0.657403
-0.725922
-0.780738
-0.82459
-0.859672
-0.887738
-0.91019
-0.928152
-0.942522
-0.954017
-0.963214
-0.970571
-0.976457
-0.981166
-0.984932
-0.987946
-0.990357
-0.992285
-0.993828
-0.995063
-0.99605
-0.99684
-0.997472
-0.997978
-0.998382
-0.998706
-0.998965
-0.999172
-0.999337
-0.99947
-0.999576
-0.999661
-0.999729
-0.918945
-0.727039
-0.381631
-0.105305
0.115756
0.292605
0.434084
0.547267
0.637814
0.665926
0.514294
0.338639
0.169483
0.0205483
-0.0925032
-0.186763
-0.205264
-0.190003
-0.170672
-0.158183
-0.148365
-0.136578
-0.189839
-0.278219
-0.378531
-0.472486
-0.55813
-0.63623
-0.707628
-0.766103
-0.812882
-0.850306
-0.880245
-0.904196
-0.923357
-0.938685
-0.950948
-0.960759
-0.968607
-0.974885
-0.979908
-0.983927
-0.987141
-0.989713
-0.99177
-0.993416
-0.994733
-0.995786
-0.996629
-0.997303
-0.997843
-0.998274
-0.998619
-0.998895
-0.999116
-0.999293
-0.999434
-0.999548
-0.999638
-0.99971
-0.965931
-0.855049
-0.499423
-0.199538
0.0403693
0.232295
0.385836
0.508669
0.606935
0.685548
0.681746
0.525112
0.345983
0.174588
0.026019
-0.0720013
-0.137313
-0.130266
-0.12637
-0.124796
-0.124822
-0.125062
-0.122477
-0.182502
-0.275353
-0.382541
-0.483968
-0.579736
-0.663789
-0.731031
-0.784825
-0.82786
-0.862288
-0.88983
-0.911864
-0.929491
-0.943593
-0.954874
-0.9639
-0.97112
-0.976896
-0.981517
-0.985213
-0.988171
-0.990536
-0.992429
-0.993943
-0.995155
-0.996124
-0.996899
-0.997519
-0.998015
-0.998412
-0.99873
-0.998984
-0.999187
-0.99935
-0.99948
-0.999584
-0.999667
-0.990295
-0.886352
-0.559491
-0.247593
0.00192593
0.201541
0.361233
0.488986
0.591189
0.672951
0.657898
0.506832
0.33934
0.175928
0.0354647
-0.0553686
-0.117958
-0.110608
-0.106299
-0.105314
-0.103266
-0.101765
-0.0988441
-0.154937
-0.248829
-0.35572
-0.460324
-0.554171
-0.640453
-0.712362
-0.76989
-0.815912
-0.85273
-0.882184
-0.905747
-0.924598
-0.939678
-0.951742
-0.961394
-0.969115
-0.975292
-0.980234
-0.984187
-0.98735
-0.98988
-0.991904
-0.993523
-0.994818
-0.995855
-0.996684
-0.997347
-0.997878
-0.998302
-0.998642
-0.998913
-0.999131
-0.999305
-0.999444
-0.999555
-0.999644
-0.999715
-0.960895
-0.84658
-0.481786
-0.185429
0.0516571
0.241326
0.393061
0.514448
0.611559
0.689247
0.680992
0.52359
0.34713
0.174205
0.0263042
-0.0715949
-0.138331
-0.127042
-0.120263
-0.118618
-0.117448
-0.12016
-0.113092
-0.1714
-0.260839
-0.370269
-0.475468
-0.570097
-0.656077
-0.724862
-0.779889
-0.823912
-0.859129
-0.887303
-0.909843
-0.927874
-0.942299
-0.953839
-0.963072
-0.970457
-0.976366
-0.981093
-0.984874
-0.987899
-0.990319
-0.992256
-0.993804
-0.995044
-0.996035
-0.996828
-0.997462
-0.99797
-0.998376
-0.998701
-0.998961
-0.999168
-0.999335
-0.999468
-0.999574
-0.999659
-0.920854
-0.730427
-0.384342
-0.107473
0.114021
0.291217
0.432974
0.546379
0.637103
0.637015
0.487105
0.314405
0.148342
0.00241096
-0.107619
-0.199586
-0.216562
-0.197304
-0.177782
-0.16574
-0.156767
-0.146437
-0.203717
-0.292857
-0.394807
-0.490598
-0.578797
-0.65729
-0.725832
-0.780666
-0.824533
-0.859626
-0.887701
-0.910161
-0.928129
-0.942503
-0.954002
-0.963202
-0.970561
-0.976449
-0.981159
-0.984927
-0.987942
-0.990354
-0.992283
-0.993826
-0.995061
-0.996049
-0.996839
-0.997471
-0.997977
-0.998382
-0.998705
-0.998964
-0.999171
-0.999337
-0.99947
-0.999576
-0.999661
-0.999728
-0.926362
-0.742586
-0.394069
-0.115255
0.107796
0.286237
0.428989
0.543192
0.634553
0.65151
0.497628
0.329381
0.16913
0.0333474
-0.0705765
-0.159127
-0.173287
-0.159261
-0.145959
-0.134748
-0.12462
-0.112856
-0.160263
-0.248966
-0.349954
-0.445797
-0.53393
-0.612861
-0.687655
-0.750124
-0.800099
-0.840079
-0.872063
-0.897651
-0.918121
-0.934496
-0.947597
-0.958078
-0.966462
-0.97317
-0.978536
-0.982829
-0.986263
-0.98901
-0.991208
-0.992967
-0.994373
-0.995499
-0.996399
-0.997119
-0.997695
-0.998156
-0.998525
-0.99882
-0.999056
-0.999245
-0.999396
-0.999517
-0.999613
-0.999691
-0.966066
-0.855169
-0.499334
-0.199467
0.0404261
0.232341
0.385873
0.508698
0.606959
0.685567
0.682075
0.525393
0.346233
0.174834
0.0262835
-0.0717314
-0.137037
-0.130143
-0.126322
-0.124957
-0.124949
-0.125175
-0.122605
-0.18263
-0.275369
-0.38252
-0.483991
-0.57978
-0.663824
-0.731059
-0.784847
-0.827878
-0.862302
-0.889842
-0.911873
-0.929499
-0.943599
-0.954879
-0.963903
-0.971123
-0.976898
-0.981519
-0.985215
-0.988172
-0.990537
-0.99243
-0.993944
-0.995155
-0.996124
-0.996899
-0.997519
-0.998016
-0.998412
-0.99873
-0.998984
-0.999187
-0.99935
-0.99948
-0.999584
-0.999667
-0.979553
-0.864869
-0.51977
-0.215816
0.027347
0.221878
0.377502
0.502002
0.601601
0.681281
0.680241
0.51783
0.327558
0.15756
0.0297239
-0.054187
-0.115843
-0.106287
-0.104839
-0.103191
-0.100866
-0.0993635
-0.0969955
-0.151801
-0.243511
-0.352066
-0.456593
-0.553972
-0.643178
-0.714542
-0.771634
-0.817307
-0.853846
-0.883077
-0.906461
-0.925169
-0.940135
-0.952108
-0.961687
-0.969349
-0.975479
-0.980383
-0.984307
-0.987445
-0.989956
-0.991965
-0.993572
-0.889838
-0.911871
-0.929497
-0.943597
-0.954878
-0.963902
-0.971122
-0.976897
-0.981518
-0.985214
-0.988171
-0.990537
-0.99243
-0.993944
-0.995155
-0.996124
-0.996899
-0.997519
-0.998016
-0.998412
-0.99873
-0.998984
-0.999187
-0.99935
-0.99948
-0.999584
-0.999667
-0.98527
-0.876331
-0.541553
-0.233242
0.013406
0.210725
0.36858
0.494864
0.595891
0.676713
0.661814
0.510006
0.341922
0.178039
0.0381053
-0.0525288
-0.116437
-0.108578
-0.108773
-0.107142
-0.104336
-0.102317
-0.0993043
-0.153896
-0.2456
-0.353638
-0.457823
-0.554942
-0.643954
-0.715163
-0.77213
-0.817704
-0.854163
-0.883331
-0.906665
-0.925332
-0.940265
-0.952212
-0.96177
-0.969416
-0.975533
-0.980426
-0.984341
-0.987473
-0.989978
-0.991983
-0.993586
-0.994869
-0.995895
-0.996716
-0.997373
-0.997898
-0.998319
-0.998655
-0.998924
-0.999139
-0.999311
-0.999449
-0.999559
-0.999647
-0.974807
-0.857527
-0.490235
-0.192188
0.0462498
0.237
0.3896
0.51168
0.609344
0.687475
0.682105
0.52515
0.345802
0.173025
0.0245833
-0.0731735
-0.138199
-0.129599
-0.124101
-0.122249
-0.121234
-0.120757
-0.118701
-0.175093
-0.265805
-0.373038
-0.476771
-0.569878
-0.655309
-0.724247
-0.779398
-0.823518
-0.858815
-0.887052
-0.909641
-0.927713
-0.94217
-0.953736
-0.962989
-0.970391
-0.976313
-0.98105
-0.98484
-0.987872
-0.990298
-0.992238
-0.993791
-0.995032
-0.996026
-0.996821
-0.997457
-0.997965
-0.998372
-0.998698
-0.998958
-0.999167
-0.999333
-0.999467
-0.999573
-0.999659
-0.999727
-0.960742
-0.84645
-0.481762
-0.18541
0.0516723
0.241338
0.39307
0.514456
0.611565
0.689252
0.680874
0.523474
0.347004
0.174071
0.0261517
-0.0717421
-0.138441
-0.127131
-0.120217
-0.118451
-0.117302
-0.120019
-0.112935
-0.171214
-0.260885
-0.370314
-0.475454
-0.570013
-0.65601
-0.724808
-0.779846
-0.823877
-0.859102
-0.887281
-0.909825
-0.92786
-0.942288
-0.95383
-0.963064
-0.970451
-0.976361
-0.981089
-0.984871
-0.987897
-0.990318
-0.992254
-0.993803
-0.995043
-0.996034
-0.996827
-0.997462
-0.997969
-0.998376
-0.9987
-0.99896
-0.999168
-0.999335
-0.999468
-0.999574
-0.999659
-0.922968
-0.735951
-0.388761
-0.111009
0.111193
0.288955
0.431164
0.544931
0.635945
0.634204
0.479524
0.303641
0.127943
-0.000602964
-0.0937093
-0.17219
-0.180625
-0.158376
-0.146387
-0.135396
-0.125793
-0.115178
-0.16541
-0.253876
-0.355672
-0.452423
-0.542031
-0.620761
-0.696609
-0.757287
-0.805829
-0.844664
-0.875731
-0.900585
-0.920468
-0.936374
-0.949099
-0.959279
-0.967424
-0.973939
-0.979151
-0.983321
-0.986657
-0.989325
-0.99146
-0.993168
-0.994535
-0.995628
-0.996502
-0.997202
-0.997761
-0.998209
-0.998567
-0.998854
-0.999083
-0.999266
-0.999413
-0.999531
-0.999624
-0.9997
-0.926857
-0.747138
-0.397711
-0.118169
0.105465
0.284372
0.427498
0.541998
0.633599
0.66122
0.510149
0.334689
0.165866
0.0171293
-0.0958232
-0.189492
-0.207522
-0.195361
-0.17851
-0.16709
-0.158283
-0.147023
-0.199075
-0.286818
-0.387609
-0.481518
-0.566815
-0.645537
-0.71643
-0.773144
-0.818515
-0.854812
-0.88385
-0.90708
-0.925664
-0.940531
-0.952425
-0.96194
-0.969552
-0.975641
-0.980513
-0.984411
-0.987528
-0.990023
-0.992018
-0.993615
-0.994892
-0.995913
-0.996731
-0.997385
-0.997908
-0.998326
-0.998661
-0.998929
-0.999143
-0.999314
-0.999451
-0.999561
-0.999649
-0.999719
-0.965997
-0.855137
-0.499595
-0.199676
0.0402593
0.232207
0.385766
0.508613
0.60689
0.685512
0.683378
0.526688
0.34752
0.176015
0.0274173
-0.0707927
-0.136188
-0.128061
-0.123041
-0.120984
-0.120481
-0.120345
-0.118565
-0.176751
-0.269445
-0.377643
-0.480027
-0.576579
-0.661263
-0.729011
-0.783208
-0.826567
-0.861253
-0.889003
-0.911202
-0.928962
-0.943169
-0.954536
-0.963628
-0.970903
-0.976722
-0.981378
-0.985102
-0.988082
-0.990465
-0.992372
-0.993898
-0.995118
-0.996095
-0.996876
-0.997501
-0.998
-0.9984
-0.99872
-0.998976
-0.999181
-0.999345
-0.999476
-0.999581
-0.999665
-0.985277
-0.876334
-0.541564
-0.233251
0.0133993
0.210719
0.368576
0.49486
0.595888
0.676711
0.66169
0.50989
0.341823
0.177951
0.0380292
-0.0525942
-0.11649
-0.10862
-0.108806
-0.107169
-0.104358
-0.102336
-0.0993192
-0.153904
-0.247734
-0.354879
-0.459686
-0.553689
-0.64005
-0.71204
-0.769632
-0.815706
-0.852565
-0.882052
-0.905641
-0.924513
-0.93961
-0.951688
-0.961351
-0.969081
-0.975264
-0.980212
-0.984169
-0.987335
-0.989868
-0.991895
-0.993516
-0.994813
-0.99585
-0.99668
-0.997344
-0.997875
-0.9983
-0.99864
-0.998912
-0.99913
-0.999304
-0.999443
-0.999554
-0.999644
-0.999715
-0.961043
-0.846707
-0.481781
-0.185425
0.0516599
0.241328
0.393062
0.51445
0.61156
0.689248
0.681157
0.523746
0.347288
0.17437
0.0264909
-0.0714136
-0.138163
-0.126919
-0.120332
-0.118843
-0.117643
-0.120345
-0.113239
-0.171459
-0.260846
-0.370291
-0.475565
-0.570264
-0.656211
-0.724969
-0.779975
-0.82398
-0.859184
-0.887347
-0.909878
-0.927902
-0.942322
-0.953857
-0.963086
-0.970469
-0.976375
-0.9811
-0.98488
-0.987904
-0.990323
-0.992259
-0.993807
-0.995045
-0.996036
-0.996829
-0.997463
-0.997971
-0.998377
-0.998701
-0.998961
-0.999169
-0.999335
-0.999468
-0.999574
-0.99966
-0.920879
-0.730514
-0.384411
-0.107529
0.113977
0.291182
0.432945
0.546356
0.637085
0.640485
0.489911
0.316656
0.150144
0.00389692
-0.106384
-0.198609
-0.215762
-0.196667
-0.177318
-0.165454
-0.156554
-0.146281
-0.203603
-0.292676
-0.394624
-0.490453
-0.578706
-0.657305
-0.725844
-0.780675
-0.82454
-0.859632
-0.887706
-0.910165
-0.928132
-0.942505
-0.954004
-0.963203
-0.970563
-0.97645
-0.98116
-0.984928
-0.987942
-0.990354
-0.992283
-0.993827
-0.995061
-0.996049
-0.996839
-0.997471
-0.997977
-0.998382
-0.998705
-0.998964
-0.999171
-0.999337
-0.99947
-0.999576
-0.999661
-0.999728
-0.918959
-0.727068
-0.381655
-0.105324
0.115741
0.292593
0.434074
0.547259
0.637808
0.666128
0.514447
0.338742
0.16955
0.0205503
-0.0925546
-0.186791
-0.205305
-0.189998
-0.170643
-0.158039
-0.148242
-0.136382
-0.189805
-0.278289
-0.378629
-0.472559
-0.55814
-0.636311
-0.707623
-0.766098
-0.812879
-0.850303
-0.880242
-0.904194
-0.923355
-0.938684
-0.950947
-0.960758
-0.968606
-0.974885
-0.979908
-0.983926
-0.987141
-0.989713
-0.99177
-0.993416
-0.994733
-0.995786
-0.996629
-0.997303
-0.997843
-0.998274
-0.998619
-0.998895
-0.999116
-0.999293
-0.999434
-0.999548
-0.999638
-0.99971
-0.978163
-0.874142
-0.547614
-0.238092
0.00952677
0.207621
0.366097
0.492878
0.594302
0.675442
0.676072
0.514536
0.340695
0.17642
0.0394956
-0.0498055
-0.113192
-0.108529
-0.105032
-0.10509
-0.104075
-0.103498
-0.100534
-0.15755
-0.250444
-0.358226
-0.462514
-0.559692
-0.647754
-0.718203
-0.774562
-0.81965
-0.85572
-0.884576
-0.907661
-0.926129
-0.940903
-0.952722
-0.962178
-0.969742
-0.975794
-0.980635
-0.984508
-0.987606
-0.990085
-0.992068
-0.993654
-0.994924
-0.995939
-0.996751
-0.997401
-0.997921
-0.998337
-0.998669
-0.998935
-0.999148
-0.999319
-0.999455
-0.999564
-0.999651
-0.974922
-0.857587
-0.4904
-0.19232
0.046144
0.236915
0.389532
0.511626
0.609301
0.68744
0.681969
0.52503
0.345692
0.172915
0.0244531
-0.0733078
-0.138347
-0.129603
-0.124071
-0.122136
-0.121136
-0.120666
-0.118594
-0.175057
-0.270151
-0.381675
-0.485842
-0.577291
-0.661057
-0.728845
-0.783076
-0.826461
-0.861169
-0.888935
-0.911148
-0.928918
-0.943135
-0.954508
-0.963606
-0.970885
-0.976708
-0.981366
-0.985093
-0.988074
-0.99046
-0.992368
-0.993894
-0.995115
-0.996092
-0.996874
-0.997499
-0.997999
-0.998399
-0.99872
-0.998976
-0.99918
-0.999344
-0.999476
-0.99958
-0.999664
-0.999731
-0.960302
-0.849831
-0.508553
-0.206843
0.0345258
0.227621
0.382096
0.505677
0.604542
0.683633
0.679601
0.510241
0.321949
0.154779
0.027197
-0.0570351
-0.120306
-0.106345
-0.102911
-0.0999506
-0.0974709
-0.0986592
-0.0912463
-0.146895
-0.238747
-0.349559
-0.456927
-0.560239
-0.648191
-0.718553
-0.774842
-0.819874
-0.855899
-0.884719
-0.907775
-0.92622
-0.940976
-0.952781
-0.962225
-0.96978
-0.975824
-0.980659
-0.984527
-0.987622
-0.990097
-0.992078
-0.993662
-0.99493
-0.995944
-0.996755
-0.997404
-0.997923
-0.998339
-0.998671
-0.998937
-0.999149
-0.99932
-0.999456
-0.999564
-0.999652
-0.92089
-0.730489
-0.384391
-0.107513
0.11399
0.291192
0.432953
0.546363
0.63709
0.640202
0.489695
0.316487
0.150014
0.00384137
-0.106377
-0.198613
-0.215743
-0.247092
-0.255516
-0.219783
-0.195036
-0.17533
-0.225109
-0.309575
-0.407757
-0.500718
-0.586817
-0.663863
-0.731091
-0.784872
-0.827898
-0.862318
-0.889855
-0.911884
-0.929507
-0.943606
-0.954884
-0.963908
-0.971126
-0.976901
-0.981521
-0.985217
-0.988173
-0.990539
-0.992431
-0.993945
-0.995156
-0.996125
-0.9969
-0.99752
-0.998016
-0.998413
-0.99873
-0.998984
-0.999187
-0.99935
-0.99948
-0.999584
-0.999667
-0.999734
-0.918931
-0.727011
-0.381609
-0.105287
0.11577
0.292616
0.434093
0.547274
0.63782
0.665996
0.514395
0.33873
0.169574
0.0206592
-0.0923747
-0.18667
-0.205176
-0.189961
-0.170657
-0.158255
-0.148429
-0.1367
-0.189881
-0.278184
-0.378474
-0.472447
-0.558138
-0.636181
-0.707646
-0.766117
-0.812893
-0.850315
-0.880252
-0.904201
-0.923361
-0.938689
-0.950951
-0.560761
-0.648609
-0.718887
-0.77511
-0.820088
-0.85607
-0.884856
-0.907885
-0.926308
-0.941046
-0.952837
-0.96227
-0.969816
-0.975853
-0.980682
-0.984546
-0.987637
-0.990109
-0.992087
-0.99367
-0.994936
-0.995949
-0.996759
-0.963832
-0.85339
-0.497784
-0.198227
0.0414185
0.233135
0.386508
0.509206
0.607365
0.685892
0.682908
0.526086
0.346807
0.175325
0.0267254
-0.0713339
-0.136648
-0.129843
-0.12611
-0.124892
-0.124902
-0.125145
-0.122608
-0.182657
-0.275331
-0.38247
-0.483981
-0.579788
-0.66383
-0.731064
-0.784851
-0.827881
-0.862305
-0.889844
-0.911875
-0.9295
-0.9436
-0.95488
-0.963904
-0.971123
-0.976899
-0.981519
-0.985215
-0.988172
-0.990538
-0.99243
-0.993944
-0.995155
-0.996124
-0.996899
-0.99752
-0.998016
-0.998412
-0.99873
-0.998984
-0.999187
-0.99935
-0.99948
-0.999584
-0.999667
-0.974982
-0.857617
-0.490473
-0.192378
0.0460975
0.236878
0.389502
0.511602
0.609282
0.687425
0.681908
0.524977
0.345643
0.172867
0.0243974
-0.0733649
-0.138387
-0.12957
-0.124024
-0.122062
-0.121072
-0.12061
-0.118535
-0.175032
-0.26616
-0.373478
-0.475874
-0.572172
-0.657737
-0.72619
-0.780952
-0.824761
-0.859809
-0.887847
-0.910278
-0.928222
-0.942578
-0.954062
-0.96325
-0.9706
-0.97648
-0.981184
-0.984947
-0.987958
-0.990366
-0.992293
-0.993834
-0.995067
-0.996054
-0.996843
-0.997475
-0.99798
-0.998384
-0.998707
-0.998966
-0.999172
-0.999338
-0.99947
-0.999576
-0.999661
-0.985137
-0.875693
-0.539851
-0.231881
0.0144954
0.211596
0.369277
0.495422
0.596337
0.67707
0.676595
0.519254
0.346843
0.182329
0.0434229
-0.0479554
-0.112438
-0.105531
-0.106469
-0.105318
-0.102884
-0.10116
-0.0983867
-0.153175
-0.247204
-0.354439
-0.459328
-0.553397
-0.639822
-0.711857
-0.769486
-0.815589
-0.852471
-0.881977
-0.905581
-0.924465
-0.939572
-0.951658
-0.961326
-0.969061
-0.975249
-0.980199
-0.984159
-0.987327
-0.989862
-0.99189
-0.993512
-0.994809
-0.995847
-0.996678
-0.997342
-0.997874
-0.998299
-0.998639
-0.998911
-0.999129
-0.999303
-0.999443
-0.999554
-0.999643
-0.999715
-0.960949
-0.846627
-0.481786
-0.185428
0.0516573
0.241326
0.393061
0.514449
0.611559
0.689247
0.681054
0.52365
0.347191
0.174268
0.0263745
-0.0715271
-0.138268
-0.126995
-0.120286
-0.118698
-0.117518
-0.120227
-0.113153
-0.17145
-0.26084
-0.370273
-0.475498
-0.570153
-0.656122
-0.724898
-0.779918
-0.823935
-0.859148
-0.887318
-0.909855
-0.927884
-0.942307
-0.953846
-0.963076
-0.970461
-0.976369
-0.981095
-0.984876
-0.987901
-0.990321
-0.992257
-0.993805
-0.995044
-0.996035
-0.996828
-0.997463
-0.99797
-0.998376
-0.998701
-0.998961
-0.999169
-0.999335
-0.999468
-0.999574
-0.999659
-0.920852
-0.730433
-0.384347
-0.107477
0.114018
0.291214
0.432972
0.546377
0.637102
0.640328
0.489806
0.316583
0.150089
0.00382764
-0.107008
-0.19954
-0.216442
-0.196807
-0.17649
-0.163774
-0.153662
-0.142319
-0.197611
-0.284922
-0.385239
-0.479274
-0.56557
-0.642211
-0.713769
-0.771015
-0.816812
-0.85345
-0.88276
-0.906208
-0.924966
-0.939973
-0.951978
-0.961583
-0.969266
-0.975413
-0.98033
-0.984264
-0.987411
-0.989929
-0.991943
-0.993555
-0.994844
-0.995875
-0.9967
-0.99736
-0.997888
-0.99831
-0.998648
-0.998919
-0.999135
-0.999308
-0.599446
-0.40985
-0.423042
-0.438543
-0.434896
-0.399398
-0.119518
0.104385
0.283508
0.426807
0.541445
0.633156
0.706525
0.704349
0.539017
0.353998
0.169708
0.034279
-0.0640549
-0.147653
-0.161035
-0.152543
-0.140157
-0.133353
-0.126146
-0.116657
-0.167336
-0.255772
-0.358019
-0.45356
-0.541632
-0.621274
-0.695255
-0.756204
-0.804963
-0.843971
-0.875176
-0.900141
-0.920113
-0.93609
-0.948872
-0.959098
-0.967278
-0.973823
-0.979058
-0.983246
-0.986597
-0.989278
-0.991422
-0.993138
-0.99451
-0.995608
-0.996487
-0.997189
-0.997751
-0.998201
-0.998561
-0.998849
-0.999079
-0.999263
-0.999411
-0.999528
-0.999623
-0.999698
-0.983416
-0.883494
-0.563511
-0.250808
-0.000646775
0.199483
0.359586
0.487669
0.590135
0.672108
0.673721
0.517086
0.345341
0.181385
0.0403274
-0.0504457
-0.113528
-0.106943
-0.103384
-0.102885
-0.101451
-0.100419
-0.0978838
-0.154384
-0.2463
-0.354761
-0.459762
-0.557547
-0.646038
-0.71683
-0.773464
-0.818771
-0.855017
-0.884014
-0.907211
-0.925769
-0.940615
-0.952492
-0.961994
-0.969595
-0.975676
-0.980541
-0.984433
-0.987546
-0.990037
-0.992029
-0.993624
-0.994899
-0.995919
-0.996735
-0.997388
-0.997911
-0.998328
-0.998663
-0.99893
-0.999144
-0.999315
-0.999452
-0.999562
-0.999649
-0.974984
-0.857612
-0.490485
-0.192388
0.0460894
0.236872
0.389497
0.511598
0.609278
0.687423
0.681887
0.524958
0.345626
0.172851
0.0243781
-0.0733847
-0.1384
-0.129558
-0.124007
-0.122037
-0.121051
-0.120591
-0.118515
-0.175023
-0.265726
-0.372995
-0.476687
-0.56975
-0.655222
-0.724177
-0.779342
-0.823473
-0.858779
-0.887023
-0.909618
-0.927695
-0.942156
-0.953725
-0.96298
-0.970384
-0.976307
-0.981046
-0.984836
-0.987869
-0.990295
-0.992236
-0.993789
-0.995031
-0.996025
-0.99682
-0.997456
-0.997965
-0.998372
-0.998697
-0.998958
-0.999166
-0.999333
-0.999466
-0.999573
-0.999659
-0.999727
-0.970623
-0.862832
-0.528797
-0.223038
0.0215697
0.217256
0.373805
0.499044
0.599235
0.679388
0.661625
0.509168
0.339605
0.171302
0.0330546
-0.0577001
-0.12024
-0.111796
-0.108373
-0.104863
-0.101604
-0.101992
-0.0941209
-0.149319
-0.24032
-0.350818
-0.457924
-0.553721
-0.642977
-0.714381
-0.771505
-0.817204
-0.853763
-0.883011
-0.906408
-0.925127
-0.940101
-0.952081
-0.961665
-0.969332
-0.975466
-0.980372
-0.984298
-0.987438
-0.989951
-0.991961
-0.993568
-0.994855
-0.995884
-0.996707
-0.997366
-0.997893
-0.998314
-0.998651
-0.998921
-0.999137
-0.999309
-0.999448
-0.999558
-0.999646
-0.920886
-0.730486
-0.384388
-0.107511
0.113991
0.291193
0.432955
0.546364
0.637091
0.640203
0.489695
0.316487
0.150014
0.00384145
-0.106377
-0.198613
-0.215743
-0.196654
-0.177357
-0.165575
-0.156667
-0.146386
-0.203706
-0.292665
-0.394576
-0.490421
-0.578715
-0.657403
-0.725922
-0.780738
-0.82459
-0.859672
-0.887738
-0.91019
-0.928152
-0.942522
-0.954017
-0.963214
-0.970571
-0.976457
-0.981166
-0.984932
-0.987946
-0.990357
-0.992285
-0.993828
-0.995063
-0.99605
-0.99684
-0.997472
-0.997978
-0.998382
-0.998706
-0.998965
-0.999172
-0.999337
-0.99947
-0.999576
-0.999661
-0.999729
-0.918945
-0.727039
-0.381631
-0.105305
0.115756
0.292605
0.434084
0.547267
0.637814
0.665926
0.514294
0.338639
0.169483
0.0205483
-0.0925032
-0.186763
-0.205264
-0.190003
-0.170672
-0.158183
-0.148365
-0.136578
-0.189839
-0.278219
-0.378531
-0.472486
-0.55813
-0.63623
-0.707628
-0.766103
-0.812882
-0.850306
-0.880245
-0.904196
-0.923357
-0.938685
-0.950948
-0.960759
-0.968607
-0.974885
-0.979908
-0.983927
-0.987141
-0.989713
-0.99177
-0.993416
-0.994733
-0.995786
-0.996629
-0.997303
-0.997843
-0.998274
-0.998619
-0.998895
-0.999116
-0.999293
-0.999434
-0.999548
-0.999638
-0.99971
-0.965931
-0.855049
-0.499423
-0.199538
0.0403693
0.232295
0.385836
0.508669
0.606935
0.685548
0.681746
0.525112
0.345983
0.174588
0.026019
-0.0720013
-0.137313
-0.130266
-0.12637
-0.124796
-0.124822
-0.125062
-0.122477
-0.182502
-0.275353
-0.382541
-0.483968
-0.579736
-0.663789
-0.731031
-0.784825
-0.82786
-0.862288
-0.88983
-0.911864
-0.929491
-0.943593
-0.954874
-0.9639
-0.97112
-0.976896
-0.981517
-0.985213
-0.988171
-0.990536
-0.992429
-0.993943
-0.995155
-0.996124
-0.996899
-0.997519
-0.998015
-0.998412
-0.99873
-0.998984
-0.999187
-0.99935
-0.99948
-0.999584
-0.999667
-0.990295
-0.886352
-0.559491
-0.247593
0.00192593
0.201541
0.361233
0.488986
0.591189
0.672951
0.657898
0.506832
0.33934
0.175928
0.0354647
-0.0553686
-0.117958
-0.110608
-0.106299
-0.105314
-0.103266
-0.101765
-0.0988441
-0.154937
-0.248829
-0.35572
-0.460324
-0.554171
-0.640453
-0.712362
-0.76989
-0.815912
-0.85273
-0.882184
-0.905747
-0.924598
-0.939678
-0.951742
-0.961394
-0.969115
-0.975292
-0.980234
-0.984187
-0.98735
-0.98988
-0.991904
-0.993523
-0.994818
-0.995855
-0.996684
-0.997347
-0.997878
-0.998302
-0.998642
-0.998913
-0.999131
-0.999305
-0.999444
-0.999555
-0.999644
-0.999715
-0.960895
-0.84658
-0.481786
-0.185429
0.0516571
0.241326
0.393061
0.514448
0.611559
0.689247
0.680992
0.52359
0.34713
0.174205
0.0263042
-0.0715949
-0.138331
-0.127042
-0.120263
-0.118618
-0.117448
-0.12016
-0.113092
-0.1714
-0.260839
-0.370269
-0.475468
-0.570097
-0.656077
-0.724862
-0.779889
-0.823912
-0.859129
-0.887303
-0.909843
-0.927874
-0.942299
-0.953839
-0.963072
-0.970457
-0.976366
-0.981093
-0.984874
-0.987899
-0.990319
-0.992256
-0.993804
-0.995044
-0.996035
-0.996828
-0.997462
-0.99797
-0.998376
-0.998701
-0.998961
-0.999168
-0.999335
-0.999468
-0.999574
-0.999659
-0.920854
-0.730427
-0.384342
-0.107473
0.114021
0.291217
0.432974
0.546379
0.637103
0.637015
0.487105
0.314405
0.148342
0.00241096
-0.107619
-0.199586
-0.216562
-0.197304
-0.177782
-0.16574
-0.156767
-0.146437
-0.203717
-0.292857
-0.394807
-0.490598
-0.578797
-0.65729
-0.725832
-0.780666
-0.824533
-0.859626
-0.887701
-0.910161
-0.928129
-0.942503
-0.954002
-0.963202
-0.970561
-0.976449
-0.981159
-0.984927
-0.987942
-0.990354
-0.992283
-0.993826
-0.995061
-0.996049
-0.996839
-0.997471
-0.997977
-0.998382
-0.998705
-0.998964
-0.999171
-0.999337
-0.99947
-0.999576
-0.999661
-0.999728
-0.926362
-0.742586
-0.394069
-0.115255
0.107796
0.286237
0.428989
0.543192
0.634553
0.65151
0.497628
0.329381
0.16913
0.0333474
-0.0705765
-0.159127
-0.173287
-0.159261
-0.145959
-0.134748
-0.12462
-0.112856
-0.160263
-0.248966
-0.349954
-0.445797
-0.53393
-0.612861
-0.687655
-0.750124
-0.800099
-0.840079
-0.872063
-0.897651
-0.918121
-0.934496
-0.947597
-0.958078
-0.966462
-0.97317
-0.978536
-0.982829
-0.986263
-0.98901
-0.991208
-0.992967
-0.994373
-0.995499
-0.996399
-0.997119
-0.997695
-0.998156
-0.998525
-0.99882
-0.999056
-0.999245
-0.999396
-0.999517
-0.999613
-0.999691
-0.966066
-0.855169
-0.499334
-0.199467
0.0404261
0.232341
0.385873
0.508698
0.606959
0.685567
0.682075
0.525393
0.346233
0.174834
0.0262835
-0.0717314
-0.137037
-0.130143
-0.126322
-0.124957
-0.124949
-0.125175
-0.122605
-0.18263
-0.275369
-0.38252
-0.483991
-0.57978
-0.663824
-0.731059
-0.784847
-0.827878
-0.862302
-0.889842
-0.911873
-0.929499
-0.943599
-0.954879
-0.963903
-0.971123
-0.976898
-0.981519
-0.985215
-0.988172
-0.990537
-0.99243
-0.993944
-0.995155
-0.996124
-0.996899
-0.997519
-0.998016
-0.998412
-0.99873
-0.998984
-0.999187
-0.99935
-0.99948
-0.999584
-0.999667
-0.979553
-0.864869
-0.51977
-0.215816
0.027347
0.221878
0.377502
0.502002
0.601601
0.681281
0.680241
0.51783
0.327558
0.15756
0.0297239
-0.054187
-0.115843
-0.106287
-0.104839
-0.103191
-0.100866
-0.0993635
-0.0969955
-0.151801
-0.243511
-0.352066
-0.456593
-0.553972
-0.643178
-0.714542
-0.771634
-0.817307
-0.853846
-0.883077
-0.906461
-0.925169
-0.940135
-0.952108
-0.961687
-0.969349
-0.975479
-0.980383
-0.984307
-0.987445
-0.989956
-0.991965
-0.993572