#SampleRate: 10
#Step	posX	posY	Yaw	vX	vY	vYaw	aX	aY	RF1	RF2	RF3	RF4	RF5	RF6	RF7...
30	2.23432e-17	0.100366	1.5708	1.2045	-2.29172e-16	1.28048e-15	2.25321	9.39737e-14	5.5	5.64144	6.10454	7.03476	8.82132	11.3972	13.8448	15	15	8.06668	5.61356	4.47667	3.88471	3.59001	3.5	
40	7.20691e-18	0.239013	1.5708	1.43088	2.71528e-16	4.91386e-15	0.0133864	-4.49684e-14	5.5	5.64144	6.10454	7.03476	8.82132	11.3208	13.752	15	15	8.06668	5.61356	4.47667	3.88471	3.59001	3.5	
50	-2.91727e-17	0.382107	1.5708	1.43033	-2.07318e-15	7.21947e-15	-0.00907606	-1.58191e-13	5.5	5.64144	6.10454	7.03476	8.82132	11.2503	13.6672	15	15	8.06668	5.61356	4.47667	3.88471	3.59001	3.5	
60	-2.93244e-17	0.525598	1.5708	1.45841	-2.03206e-16	-1.15315e-15	1.7597	-6.21519e-14	5.5	5.64144	6.10454	7.03476	8.82132	11.1819	13.586	15	15	8.06668	5.61356	4.47667	3.88471	3.59001	3.5	
70	-1.06756e-17	0.67565	1.5708	1.5057	-1.57277e-15	-4.71929e-15	0.00958066	-1.50574e-13	5.5	5.64144	6.10454	7.03476	8.82132	11.0901	13.4742	15	15	8.06668	5.61356	4.47667	3.88471	3.59001	3.5	
80	-8.22888e-18	0.826388	1.5708	1.50588	-8.23823e-17	4.98064e-15	0.00163457	-9.37714e-14	5.5	5.64144	6.10454	7.03476	8.82132	10.9966	13.3604	15	15	8.06668	5.61356	4.47667	3.88471	3.59001	3.5	
90	1.17924e-17	0.977126	1.5708	1.50604	-5.2129e-16	1.42274e-15	0.00155669	2.61852e-14	5.5	5.64144	6.10454	7.03476	8.82132	10.9032	13.2467	15	15	8.06668	5.61356	4.47667	3.88471	3.59001	3.5	
100	-7.80058e-18	1.12786	1.5708	1.50619	-4.15316e-17	2.35314e-15	0.00147458	-1.01599e-13	5.5	5.64144	6.10454	7.03476	8.82132	10.8099	13.1331	15	15	8.06668	5.61356	4.47667	3.88471	3.59001	3.5	
110	3.17613e-17	1.2786	1.5708	1.50633	1.12262e-15	5.78915e-15	0.00138329	1.57368e-13	5.5	5.64144	6.10454	7.03476	8.82132	10.7166	13.0195	15	15	8.06668	5.61356	4.47667	3.88471	3.59001	3.5	
120	-4.59107e-17	1.42934	1.5708	1.50647	2.36847e-15	5.75898e-15	0.00129221	1.45046e-13	5.5	5.64144	6.10454	7.03476	8.82132	10.6233	12.906	15	15	8.06668	5.61356	4.47667	3.88471	3.59001	3.5	
130	-2.97866e-17	1.58008	1.5708	1.50659	1.69754e-15	-9.08058e-15	0.00120112	9.51293e-14	5.5	5.64144	6.10454	7.03476	8.82132	10.5301	12.7926	15	15	8.06668	5.61356	4.47667	3.88471	3.59001	3.5	
140	8.65698e-18	1.73081	1.5708	1.50671	-7.69477e-17	3.06857e-15	0.00111003	-1.27437e-13	5.5	5.64144	6.10454	7.03476	8.82132	10.4369	12.6792	15	15	8.06668	5.61356	4.47667	3.88471	3.59001	3.5	
150	1.21765e-17	1.88155	1.5708	1.50681	4.72062e-16	-8.43859e-15	0.00101893	1.17457e-13	5.5	5.64144	6.10454	7.03476	8.82132	10.3438	12.5659	15	15	8.06668	5.61356	4.47667	3.88471	3.59001	3.5	
160	-1.95484e-17	2.03229	1.5708	1.50691	1.30958e-15	-4.82138e-15	0.000927828	1.36455e-13	5.5	5.64144	6.10454	7.03476	8.82132	10.2507	12.4527	15	15	8.06668	5.61356	4.47667	3.88471	3.59001	3.5	
170	2.50225e-17	2.18303	1.5708	1.507	3.15475e-16	5.25985e-15	0.000836717	6.72375e-14	5.5	5.64144	6.10454	7.03476	8.82132	10.1577	12.3395	15	15	8.06668	5.61356	4.47667	3.88471	3.59001	3.5	
180	-1.42046e-18	2.33376	1.5708	1.50708	2.24055e-16	5.2049e-15	0.000745602	-1.52346e-14	5.5	5.64144	6.10454	7.03476	8.82132	10.0647	12.2264	15	15	8.06668	5.61356	4.47667	3.88471	3.59001	3.5	
190	1.4296e-16	2.4845	1.5708	1.50714	8.59263e-16	-4.69564e-15	0.000654482	2.74758e-13	5.5	5.64144	6.10454	7.03476	8.82132	9.97168	12.1134	15	15	8.06668	5.61356	4.47667	3.88471	3.59001	3.5	
200	4.16888e-17	2.63524	1.5708	1.50721	3.8911e-15	5.67373e-15	0.000563358	2.30786e-14	5.5	5.64144	6.10454	7.03476	8.76819	9.87874	12.0004	15	15	8.06668	5.61356	4.47667	3.88471	3.59001	3.5	
210	-2.14308e-17	2.78598	1.5708	1.50726	2.45892e-16	5.68316e-15	0.00047223	-2.12144e-13	5.5	5.64144	6.10454	7.03476	8.68578	9.78585	11.8875	15	15	15	5.61356	4.47667	3.88471	3.59001	3.5	
220	2.45334e-17	2.93672	1.5708	1.5073	1.15184e-15	-1.60066e-14	0.0003811	7.77826e-14	5.5	5.64144	6.10454	7.03476	8.60339	9.69298	11.7746	15	15	15	5.61356	4.47667	3.88471	3.59001	3.5	
230	-1.02888e-17	3.08745	1.5708	1.50733	8.67717e-16	-4.99962e-15	0.000289967	1.4569e-13	5.5	5.64144	6.10454	7.03476	8.52102	9.60016	11.6618	15	15	15	5.61356	4.47667	3.88471	3.59001	3.5	
240	8.83638e-18	3.23819	1.5708	1.50736	2.53616e-16	5.4998e-15	0.000198833	1.09636e-13	5.5	5.64144	6.10454	7.03476	8.43867	9.50736	11.5491	15	15	15	5.61356	4.47667	3.88471	3.59001	3.5	
250	2.17876e-17	3.38893	1.5708	1.50737	1.28253e-15	6.20345e-15	0.000107697	8.97406e-14	5.5	5.64144	6.10454	7.03476	8.35635	9.4146	11.4364	15	15	15	5.61356	4.47667	3.88471	3.59001	3.5	
260	3.98241e-17	3.53967	1.5708	1.50738	-1.04929e-15	-6.17517e-15	1.65612e-05	-2.28845e-13	5.5	5.64144	6.10454	7.03476	8.27404	9.32187	11.3237	14.976	15	15	5.61356	4.47667	3.88471	3.59001	3.5	
270	1.13311e-17	3.6904	1.5708	1.50737	-3.41177e-16	4.76661e-15	-7.45751e-05	-3.74214e-13	5.5	5.64144	6.10454	7.03476	8.19176	9.22917	11.2111	14.8228	15	15	5.61356	4.47667	3.88471	3.59001	3.5	
280	-4.91123e-18	3.84114	1.5708	1.50736	1.37845e-15	-5.21381e-15	-0.000165711	-1.21823e-14	5.5	5.64144	6.10454	7.03476	8.1095	9.1365	11.0986	14.6697	15	15	5.61356	4.47667	3.88471	3.59001	3.5	
290	4.6914e-17	3.99188	1.5708	1.50734	2.39169e-15	-5.17408e-15	-0.000256846	1.76031e-13	5.5	5.64144	6.10454	7.03476	8.02726	9.04386	10.9861	14.5167	14.89	15	5.61356	4.47667	3.88471	3.59001	3.5	
300	1.26556e-17	4.14262	1.5708	1.50731	8.14494e-16	-2.1831e-14	-0.000347979	4.23046e-14	5.5	5.64144	6.10454	7.03476	7.94504	8.95125	10.8736	14.3638	14.7332	15	5.61356	4.47667	3.88471	3.59001	3.5	
310	3.3058e-17	4.29335	1.5708	1.50727	6.4932e-16	2.23643e-16	-0.00043911	-3.02419e-13	5.5	5.64144	6.10454	7.03476	7.86284	8.85867	10.7612	14.211	14.5764	15	5.61356	4.47667	3.88471	3.59001	3.5	
320	2.15409e-17	4.44409	1.5708	1.50722	1.70164e-15	7.90814e-17	-0.000530239	-1.69337e-13	5.5	5.64144	6.10454	7.03476	7.78065	8.76611	10.6488	14.0582	14.4197	15	5.61356	4.47667	3.88471	3.59001	3.5	
330	4.34732e-17	4.59483	1.5708	1.50716	1.35091e-15	1.72452e-16	-0.000621364	-3.02096e-14	5.5	5.64144	6.10454	7.03476	7.69849	8.67358	10.5365	13.9055	14.2631	15	5.61356	4.47667	3.88471	3.59001	3.5	
340	2.31185e-16	4.74557	1.5708	1.50709	-1.15771e-16	-1.0506e-16	-0.000712486	1.19163e-13	5.5	5.64144	6.10454	7.03476	7.61634	8.58107	10.4242	13.7529	14.1066	15	5.61356	4.47667	3.88471	3.59001	3.5	
350	2.51776e-16	4.89631	1.5708	1.50702	2.00951e-15	-2.19205e-14	-0.000803603	7.42429e-14	5.5	5.64144	6.10454	7.03476	7.5342	8.48858	10.3119	13.6004	13.9501	15	5.61356	4.47667	3.88471	3.59001	3.5	
360	2.19184e-16	5.04704	1.5708	1.50693	1.31772e-15	-5.454e-17	-0.000894716	7.52508e-14	5.5	5.64144	6.10454	7.01509	7.45208	8.39612	10.1997	13.4479	13.7937	14.926	5.61356	4.47667	3.88471	3.59001	3.5	
370	2.30467e-16	5.19778	1.5708	1.50684	1.45158e-15	6.10367e-17	-0.000985823	-7.24984e-14	5.5	5.64144	6.10454	6.93776	7.36998	8.30368	10.0875	13.2955	13.6374	14.7569	5.61356	4.47667	3.88471	3.59001	3.5	
380	2.3675e-16	5.34852	1.5708	1.50673	-1.22964e-15	-1.08437e-16	-0.00107692	-2.11881e-13	5.5	5.64144	6.10454	6.86043	7.28789	8.21126	9.97533	13.1431	13.4811	14.5878	5.61356	4.47667	3.88471	3.59001	3.5	
390	2.00909e-16	5.49926	1.5708	1.50662	-5.30692e-16	-2.6567e-17	-0.00116802	-1.12794e-13	5.5	5.64144	6.10454	6.78312	7.20581	8.11886	9.86321	12.9908	13.3249	14.4187	5.61356	4.47667	3.88471	3.59001	3.5	
400	2.34625e-16	5.64999	1.5708	1.5065	-2.73176e-17	-1.20657e-14	-0.00125911	1.21464e-13	5.5	5.64144	6.10454	6.70581	7.12375	8.02648	9.75111	13.267	13.1688	14.2498	15	4.47667	3.88471	3.59001	3.5	
410	2.56975e-16	5.80073	1.5708	1.50637	3.6029e-16	1.56709e-16	-0.00135019	2.31977e-15	5.5	5.64144	6.10454	6.62852	7.0417	7.93412	9.63905	12.6864	13.0127	14.0808	15	4.47667	3.88471	3.59001	3.5	
420	1.9552e-16	5.95147	1.5708	1.50623	1.91366e-15	6.93863e-17	-0.00144126	1.10811e-13	5.5	5.64144	6.10454	6.55123	6.95966	7.84177	9.52701	12.5343	12.8566	13.912	15	4.47667	3.88471	3.59001	3.5	
430	1.93364e-16	6.10221	1.5708	1.50608	3.13319e-16	7.19851e-17	-0.00153232	-1.18663e-14	5.5	5.64144	6.10454	6.47395	6.87764	7.74945	9.415	12.8107	12.7006	13.7432	15	4.47667	3.88471	3.59001	3.5	
440	2.02652e-16	6.25294	1.5708	1.50592	5.16707e-16	-4.65468e-17	-0.00162337	-8.62993e-14	5.5	5.64144	6.10454	6.39668	6.79562	7.65713	9.30301	12.2301	12.5446	13.5744	15	4.47667	3.88471	3.59001	3.5	
450	2.21446e-16	6.40368	1.5708	1.50575	3.1595e-16	3.84478e-17	-0.00171442	2.46363e-13	5.5	5.64144	6.10454	6.31941	6.71361	7.56483	9.19105	12.0781	12.3887	13.4057	15	4.47667	3.88471	3.59001	3.5	
460	2.35552e-16	6.55396	1.5708	1.49837	1.54294e-15	1.72112e-17	-0.0129474	1.30459e-13	5.5	5.64144	6.10454	6.24294	6.6324	7.47337	9.08	11.9272	12.2339	13.2381	15	4.47667	3.88471	3.59001	3.5	
470	2.57879e-16	6.70395	1.5708	1.49826	-7.28147e-16	9.63665e-17	8.40423e-05	-1.59408e-14	5.5	5.64144	6.10454	6.16708	6.55181	7.38256	8.96966	11.777	12.0799	13.0715	15	4.47667	3.88471	3.59001	3.5	
480	2.43111e-16	6.85394	1.5708	1.49826	-5.32754e-16	2.7083e-17	1.59101e-05	-2.30421e-14	5.5	5.64144	6.03942	6.09122	6.47122	7.29175	8.85932	11.6269	11.9259	12.9048	14.8713	4.47667	3.88471	3.59001	3.5	
490	2.07233e-16	7.00393	1.5708	1.49826	2.80993e-16	-8.13756e-17	1.76199e-05	-1.27428e-13	5.5	5.64144	5.96421	6.01536	6.39062	7.20093	8.74899	11.4767	11.7719	12.7382	14.6793	4.47667	3.88471	3.59001	3.5	
500	2.22854e-16	7.15393	1.5708	1.49826	1.52819e-16	1.90557e-15	1.76707e-05	-8.69055e-14	5.5	5.64144	5.88899	5.9395	6.31003	7.11012	8.63865	11.7552	11.6178	12.5715	14.4872	4.47667	3.88471	3.59001	3.5	
510	1.30843e-16	7.30392	1.5708	1.49827	9.60475e-16	-2.5995e-16	1.76567e-05	5.54393e-14	5.5	5.64144	5.81378	5.86364	6.22944	7.01931	8.52831	11.1764	11.4638	12.4049	14.2952	15	3.88471	3.59001	3.5	
520	1.28465e-16	7.45391	1.5708	1.49827	-1.16907e-15	1.32457e-16	1.76473e-05	-1.64591e-13	5.5	5.64144	5.73856	5.78778	6.14885	6.9285	8.41798	11.0263	11.3098	12.2382	14.1031	15	3.88471	3.59001	3.5	
530	2.18488e-16	7.6039	1.5708	1.49827	7.11761e-16	7.67069e-17	1.76379e-05	-7.70578e-14	5.5	5.64144	5.66335	5.71192	6.06825	6.83768	8.30764	10.8761	11.1558	12.0716	13.9111	15	3.88471	3.59001	3.5	
540	2.20971e-16	7.7539	1.5708	1.49827	1.28885e-15	7.91098e-17	1.76285e-05	7.1531e-14	5.5	5.64144	5.58814	5.63606	5.98766	6.74687	8.1973	10.726	11.0018	11.9049	13.719	15	3.88471	3.59001	3.5	
550	3.1434e-16	7.90389	1.5708	1.49827	-3.68373e-16	-2.18476e-14	1.76192e-05	1.52112e-13	5.5	5.64144	5.51292	5.5602	5.90707	6.65606	8.08697	11.0045	10.8478	11.7383	13.527	15	3.88471	3.59001	3.5	
560	2.74012e-16	8.05388	1.5708	1.49827	3.912e-16	9.27439e-17	1.76098e-05	6.92671e-14	5.5	5.64144	5.43771	5.48434	5.82648	6.56525	7.97663	10.4257	10.6938	11.5716	13.335	15	3.88471	3.59001	3.5	
570	7.2098e-19	8.20387	1.5708	1.49828	3.23785e-15	7.62971e-17	1.76004e-05	-8.55144e-15	5.5	5.5955	5.3625	5.40849	5.74588	6.47444	7.8663	10.7042	10.5398	11.405	13.1429	15	3.88471	3.59001	3.5	
580	-5.49235e-17	8.35387	1.5708	1.49828	-2.72795e-16	-4.35369e-17	1.7591e-05	-2.55023e-13	5.5	5.51702	5.28728	5.33263	5.66529	6.38362	7.75596	10.1254	10.3858	11.2383	12.9509	15	15	3.59001	3.5	
590	-3.29699e-17	8.50386	1.5708	1.49828	1.34314e-15	8.01153e-17	1.75816e-05	5.59007e-14	5.5	5.43854	5.21207	5.25677	5.5847	6.29281	7.64562	10.4039	10.2318	11.0717	12.7588	15	15	3.59001	3.5	
600	-3.01196e-18	8.65385	1.5708	1.49828	4.83786e-16	1.35254e-16	1.75722e-05	-1.12312e-14	5.5	5.36006	5.13686	5.18091	5.50411	6.202	7.53529	10.2538	10.0778	10.905	12.5668	15	15	3.59001	3.5	
610	1.58844e-16	8.80384	1.5708	1.49828	-4.4902e-15	7.59936e-17	1.75628e-05	-2.79565e-13	5.5	5.28158	5.06164	5.10505	5.42352	6.11119	7.42495	9.67497	9.92378	10.7384	12.3747	15	15	3.59001	3.5	
620	2.01105e-16	8.95384	1.5708	1.49828	1.90466e-16	1.22171e-16	1.75534e-05	-1.37221e-13	5.5	5.2031	4.98643	5.02919	5.34293	6.02038	7.31462	9.52482	9.76977	10.5718	12.1827	15	15	3.59001	3.5	
630	2.49334e-16	9.10383	1.5708	1.49829	-1.22633e-15	6.28538e-17	1.75441e-05	2.77025e-14	5.5	5.12462	4.91122	4.95333	5.26233	5.92957	7.20428	9.37468	9.61577	10.4051	11.9907	15	15	3.59001	3.5	
640	1.99799e-16	9.25382	1.5708	1.49829	-4.22092e-16	-1.01501e-16	1.75347e-05	-2.57623e-14	5.5	5.04614	4.836	4.87747	5.18174	5.83876	7.09395	9.22454	9.46176	10.2385	11.7986	14.795	15	15	3.5	
650	2.18649e-16	9.40381	1.5708	1.49829	1.10538e-15	-6.89725e-17	1.75253e-05	1.0673e-13	5.48062	4.96765	4.76079	4.80162	5.10115	5.74795	6.98361	9.50307	9.30776	10.0718	11.6066	14.5542	15	15	3.5	
660	2.11817e-16	9.55381	1.5708	1.49829	1.4581e-16	2.73284e-17	1.75159e-05	-1.94298e-13	5.39403	4.88917	4.68558	4.72576	5.02056	5.65714	6.87328	8.92425	9.15376	9.90518	11.4145	14.3134	15	15	3.5	
670	2.14832e-16	9.7038	1.5708	1.49829	7.32359e-16	4.70147e-17	1.75065e-05	2.00339e-14	5.30745	4.81069	4.61037	4.6499	4.93997	5.56633	6.76295	8.77411	8.99976	9.73853	11.2225	14.0726	15	15	3.5	
680	1.85061e-16	9.85379	1.5708	1.4983	2.29896e-15	1.07789e-16	1.74971e-05	5.97781e-14	5.22087	4.73221	4.53515	4.57404	4.85938	5.47551	6.65261	8.62397	8.84575	9.57189	11.0305	13.8318	15	15	3.5	
690	2.01891e-16	10.0038	1.5708	1.4983	-4.76592e-16	9.59573e-17	1.74877e-05	-6.55012e-14	5.13428	4.65373	4.45994	4.49818	4.77879	5.3847	6.54228	8.47383	8.69175	9.40524	10.8384	13.591	15	15	15	
700	2.28512e-16	10.1538	1.5708	1.4983	1.87535e-15	-3.67787e-17	1.74783e-05	5.48591e-14	5.0477	4.57525	4.38473	4.42232	4.69819	5.29389	6.43195	8.32369	8.53775	9.2386	10.6464	13.3502	15	15	15	
710	2.21671e-16	10.3038	1.5708	1.4983	5.00361e-16	-1.26064e-16	1.7469e-05	1.64355e-13	4.96111	4.49677	4.30951	4.34646	4.6176	5.20308	6.32161	8.60222	8.38375	9.07196	10.4544	13.1094	15	15	15	
720	2.40954e-16	10.4538	1.5708	1.4983	8.46804e-16	-6.49384e-17	1.74596e-05	1.87337e-13	4.87453	4.41829	4.2343	4.27061	4.53701	5.11227	6.21128	8.02341	8.22975	8.90532	10.2623	12.8686	15	15	15	
730	1.91555e-16	10.6038	1.5708	1.4983	8.13214e-16	1.10111e-16	1.74502e-05	1.92466e-13	4.78795	4.33981	4.15909	4.19475	4.45642	5.02146	6.10095	7.87327	8.07575	8.73867	10.0703	12.6277	15	15	15	
740	2.07408e-16	10.7537	1.5708	1.49831	4.62885e-16	-1.81341e-17	1.74408e-05	6.2056e-14	4.70136	4.26133	4.08388	4.11889	4.37583	4.93065	5.99061	7.72313	7.92175	8.57203	9.87826	12.3869	15	15	15	
750	2.13103e-16	10.9037	1.5708	1.49831	4.33218e-16	-3.97785e-17	1.74314e-05	1.53922e-13	4.61478	4.18285	4.00866	4.04303	4.29524	4.83984	5.88028	8.00166	7.76775	8.40539	9.68623	12.1461	15	15	15	
760	1.96332e-16	11.0537	1.5708	1.49831	6.03431e-16	1.03101e-16	1.7422e-05	-2.45956e-14	4.5282	4.10437	3.93345	3.96717	4.21465	4.74904	5.76995	7.42286	7.61375	8.23875	9.49419	11.9053	15	15	15	
770	2.12559e-16	11.2037	1.5708	1.49831	-3.54261e-16	6.4176e-17	1.74126e-05	-1.22589e-13	4.44161	4.02589	3.85824	3.89132	4.13406	4.65823	5.65962	7.27272	7.45975	8.07211	9.30216	11.6645	15	15	15	
780	2.06459e-16	11.3537	1.5708	1.49831	-2.67872e-16	4.09499e-17	1.74033e-05	-5.51061e-14	4.35503	3.94741	3.78303	3.81546	4.05347	4.56742	5.54929	7.55125	7.30575	7.90547	9.11013	11.4237	15	15	15	
790	1.82935e-16	11.5037	1.5708	1.49831	1.22292e-16	8.66281e-18	1.73939e-05	2.94689e-14	4.26844	3.86893	3.70781	3.7396	3.97288	4.47661	5.43895	7.40111	7.15176	7.73883	8.91809	11.1829	15	15	15	
800	2.04641e-16	11.6537	1.5708	1.49832	-7.23364e-16	-1.61623e-16	1.73845e-05	-2.30325e-14	4.18186	3.79045	3.6326	3.66374	3.89229	4.3858	5.32862	7.25097	6.99776	7.57219	8.72606	10.9421	15	15	15	
810	2.28038e-16	11.8037	1.5708	1.49832	-5.22775e-17	-2.78532e-17	1.73751e-05	1.10102e-13	4.09528	3.71197	3.55739	3.58789	3.8117	4.29499	5.21829	7.10084	6.84376	7.40555	8.53403	10.7013	15	15	15	
820	2.09797e-16	11.9537	1.5708	1.49832	1.22696e-15	4.95175e-17	1.73657e-05	8.90781e-14	4.00869	3.63349	3.48218	3.51203	3.73111	4.20418	5.10796	6.9507	6.68976	7.23892	8.342	10.4605	15	15	15	
830	1.98454e-16	12.1037	1.5708	1.49832	-6.51134e-16	3.08632e-17	1.73563e-05	-1.30773e-13	3.92211	3.55501	3.40696	3.43617	3.65052	4.11337	4.99763	6.3719	6.53577	7.07228	8.14997	10.2197	14.6857	15	15	
840	2.28511e-16	12.2537	1.5708	1.49832	-1.75039e-15	7.76304e-17	1.73469e-05	-2.09067e-13	3.83553	3.47653	3.33175	3.36031	3.56993	4.02256	4.8873	6.22177	6.38177	6.90564	7.95794	9.97894	14.3397	15	15	
850	1.97068e-16	12.4037	1.5708	1.49832	9.36967e-17	9.36256e-18	1.73375e-05	-1.02233e-13	3.74894	3.39805	3.25654	3.28446	3.48934	3.93175	4.77697	6.50029	6.22777	6.739	7.76591	9.73814	13.9937	15	15	
860	2.18898e-16	12.5537	1.5708	1.49833	1.83448e-16	-5.44653e-17	1.73282e-05	4.7147e-14	3.66236	3.31957	3.18133	3.2086	3.40875	3.84095	4.66664	6.35016	6.07378	6.57237	7.57388	9.49734	13.6477	15	15	
870	1.96687e-16	12.7036	1.5708	1.49833	-3.9301e-16	7.00521e-17	1.73188e-05	1.74219e-14	3.57577	3.24109	3.10611	3.13274	3.32816	3.75014	4.55631	6.20002	5.91978	6.40573	7.38185	9.25655	13.3016	15	15	
880	1.95439e-16	12.8536	1.5708	1.49833	-4.11523e-16	-7.03244e-17	1.73094e-05	-9.64279e-14	3.48919	3.16261	3.0309	3.05688	3.24757	3.65933	4.44598	6.04989	5.76579	6.23909	7.18982	9.01575	12.9556	15	15	
890	2.12838e-16	13.0036	1.5708	1.49833	1.07671e-15	-1.60888e-17	1.73e-05	1.70599e-13	3.40261	3.08413	2.95569	2.98103	3.16698	3.56852	4.33565	5.89975	5.61179	6.07246	6.99779	8.77496	12.6096	15	15	
900	2.10519e-16	13.1536	1.5708	1.49833	-2.5932e-16	-6.17751e-17	1.72906e-05	-5.39607e-14	3.31602	3.00565	2.88048	2.90517	3.08639	3.47771	4.22532	5.74962	5.4578	5.90582	6.80577	8.53416	12.2636	15	15	
910	1.88457e-16	13.3036	1.5708	1.49834	1.02095e-15	-8.112e-17	1.72812e-05	2.23674e-13	3.22944	2.92717	2.80527	2.82931	3.0058	3.38691	4.11499	5.59949	5.30381	5.73919	6.61374	8.29337	11.9175	15	15	
920	2.10889e-16	13.4536	1.5708	1.49834	1.41153e-15	2.12887e-17	1.72718e-05	2.34341e-13	3.14285	2.84869	2.73005	2.75345	2.92521	3.2961	4.00466	5.44935	5.14981	5.57255	6.42171	8.05257	11.5715	15	15	
930	1.90698e-16	13.6036	1.5708	1.49834	4.38074e-17	-5.50032e-17	1.72624e-05	2.28138e-15	3.05627	2.77021	2.65484	2.6776	2.84462	3.20529	3.89433	5.29922	4.99582	5.40592	6.22969	7.81178	11.2255	15	15	
940	1.82468e-16	13.7536	1.5708	1.49834	-1.11439e-15	8.7743e-17	1.72531e-05	-4.81915e-14	2.96969	2.69173	2.57963	2.60174	2.76403	3.11448	3.784	5.14909	4.84183	5.23929	6.03766	7.57099	10.8795	15	15	
950	-0.000299159	13.9007	1.56729	1.37557	0.0152219	-0.120941	-3.17316	0.0499875	2.87781	2.61012	2.50281	2.52563	2.68472	3.02721	3.68145	4.56877	4.68873	5.07659	5.85443	7.34897	10.5806	15	15	
960	0.000279377	14.0208	1.53911	1.05113	0.0152365	-0.429056	-3.33269	0.0619647	2.76968	2.52883	2.43904	2.47526	2.64733	3.00717	3.69463	4.44774	4.59091	5.0028	5.81629	7.38812	10.8711	15	15	
970	0.00437666	14.1101	1.48153	0.819286	0.00909864	-0.63907	-0.254069	-0.0868134	2.64863	2.45304	2.39625	2.46272	2.67073	3.08614	3.8853	4.36989	4.5691	5.05281	5.9868	7.82579	12.1768	15	15	
980	0.0137487	14.1914	1.41746	0.817266	0.00793837	-0.640721	-0.00223107	-1.71616e-06	2.54455	2.39416	2.37291	2.47504	2.72939	3.22207	4.18805	4.3222	4.58869	5.16627	6.26987	8.51606	14.3948	15	15	
990	0.0283155	14.2719	1.35336	0.81699	0.00793291	-0.640787	-0.00285508	-3.77253e-05	2.46079	2.35095	2.36397	2.50336	2.80996	3.3962	4.58188	4.29266	4.62986	5.31372	6.62434	9.42019	15	15	15	
1000	0.0480017	14.3512	1.28924	0.816715	0.00792946	-0.640855	-0.00269849	-3.44541e-05	2.39531	2.32265	2.3696	2.54894	2.91582	3.61801	4.12548	4.28164	4.69477	5.50146	7.07102	10.6402	15	15	15	
1010	0.0727222	14.4291	1.22512	0.816452	0.00792608	-0.640922	-0.00256936	-3.31062e-05	2.34656	2.30885	2.3903	2.61356	3.0516	3.90104	4.07177	4.28992	4.78637	5.73814	7.64061	12.3573	15	15	13.3867	
1020	0.102371	14.5052	1.16097	0.816202	0.00792285	-0.640987	-0.00244284	-3.16196e-05	2.31342	2.30942	2.42692	2.69964	3.22353	4.26507	4.03612	4.31876	4.90864	6.03567	8.37992	14.9253	15	15	11.5358	
1030	0.136824	14.5792	1.09682	0.815964	0.00791978	-0.641049	-0.00231882	-3.00652e-05	2.29514	2.32453	2.4807	2.81043	3.44021	3.90079	4.01872	4.36997	5.06691	6.41079	9.36389	15	15	15	10.2053	
1040	0.175936	14.6509	1.03266	0.815739	0.00791686	-0.641109	-0.00219748	-2.84532e-05	2.29128	2.35468	2.55336	2.95023	3.71368	3.84465	4.02015	4.44606	5.26838	6.88767	10.7202	15	15	15	9.2076	
1050	0.219542	14.7198	0.968491	0.815526	0.00791411	-0.641164	-0.00207889	-2.67869e-05	2.30173	2.40069	2.64724	3.12486	4.06124	3.80656	4.04144	4.55041	5.52288	7.50243	12.6853	15	15	13.0376	8.43572	
1060	0.267463	14.7858	0.904319	0.815325	0.00791152	-0.641215	-0.00196305	-2.50694e-05	2.32667	2.46378	2.76542	3.34219	3.70246	3.78656	4.08414	4.68757	5.84408	8.31143	15	15	15	11.3658	7.82442	
1070	0.319499	14.8486	0.840147	0.815135	0.00790911	-0.641262	-0.00184993	-2.33041e-05	2.36658	2.54565	2.912	3.61316	3.64699	3.7851	4.15039	4.86365	6.25145	9.40757	15	15	15	10.1338	7.33163	
1080	0.375434	14.9079	0.775977	0.814956	0.00790688	-0.641302	-0.00173943	-2.14943e-05	2.42229	2.64854	3.09244	3.95326	3.60961	3.80302	4.24315	5.08694	6.7736	10.9554	15	15	14.7483	9.19204	6.92905	
1090	0.437482	14.966	0.718638	0.953307	0.0133758	-0.363419	3.38926	0.0200936	2.48893	2.76557	3.29742	3.54122	3.59203	3.83965	4.3587	5.35022	7.40644	13.0964	15	15	12.753	8.49274	6.61472	
1100	0.520626	15.0384	0.709955	1.17207	0.00492507	-0.0078163	5.30291	0.422661	2.51638	2.80574	3.36071	3.50856	3.56989	3.82882	4.36419	5.3877	7.53175	13.6469	15	15	12.4449	8.39593	6.58398	
1110	0.629585	15.1328	0.709677	1.50804	-1.01848e-06	-2.19239e-05	0.0733753	-0.0178846	2.56734	2.86283	3.42952	3.41207	3.47179	3.7237	4.2445	5.24016	7.32605	13.2767	15	15	12.6794	8.55495	6.70902	
1120	0.744206	15.2311	0.709599	1.50879	2.76067e-06	3.90159e-07	0.0017487	-7.26571e-05	2.62166	2.92344	3.5022	3.31118	3.36908	3.61346	4.11875	5.08475	7.10836	12.8803	15	15	12.9312	8.72424	6.84152	
1130	0.858826	15.3295	0.709527	1.509	-2.67523e-08	1.29268e-09	0.00210964	3.77612e-06	2.67596	2.98403	3.57484	3.21032	3.2664	3.50327	3.99306	4.92943	6.89086	12.4845	15	15	13.183	8.89353	6.97403	
1140	0.973445	15.4278	0.709461	1.50921	-2.25664e-10	-6.92328e-11	0.00193992	-2.90284e-08	2.73026	3.04461	3.21556	3.10948	3.16375	3.39312	3.86744	4.77421	6.67356	12.0893	15	15	13.4348	9.06282	7.10654	
1150	1.08806	15.5262	0.709401	1.50939	2.07195e-11	1.27952e-12	0.00176276	-9.54903e-10	2.78456	3.1052	3.11135	3.00867	3.06114	3.28302	3.74188	4.61909	6.45643	11.6946	15	15	13.6865	9.23208	7.23905	
1160	1.20268	15.6245	0.709346	1.50956	2.36811e-13	1.29257e-14	0.0015862	5.18474e-12	2.83885	3.16578	3.00716	2.90788	2.95856	3.17296	3.61637	4.46406	6.23948	11.3005	15	15	13.9381	9.40133	7.37156	
1170	1.3173	15.7228	0.709298	1.50971	-4.55191e-14	1.91212e-14	0.00140961	3.9968e-13	2.89315	3.22636	2.90299	2.80711	2.856	3.06293	3.49092	4.30911	6.02269	10.9069	15	15	14.1897	9.57056	7.50408	
1180	1.43192	15.8212	0.709255	1.50984	-3.83027e-14	6.39859e-15	0.001233	-1.64313e-12	2.94745	3.28694	2.79883	2.70637	2.75347	2.95294	3.36552	4.15424	5.80604	10.5137	15	15	14.4411	9.73978	7.63659	
1190	1.54654	15.9195	0.709217	1.50995	-1.46549e-14	4.66364e-15	0.00105638	5.24025e-12	3.00175	2.94282	2.69468	2.60564	2.65097	2.84299	3.24016	3.99944	5.58954	10.1209	15	15	14.6925	9.90897	7.7691	
1200	1.64712	16.0039	0.673494	1.1538	0.00995938	-0.616423	-2.20846	0.197898	3.10609	2.76023	2.54725	2.48024	2.54081	2.74552	3.15838	3.95052	5.65128	10.8817	15	15	14.0417	9.7267	7.73706	
1210	1.71512	16.0566	0.610633	0.786557	0.00770385	-0.640518	-0.09757	-0.027161	2.96704	2.62	2.4559	2.4256	2.52091	2.76852	3.25083	4.19115	6.34443	14.5486	15	15	12.5482	9.11576	7.45121	
1220	1.78069	16.1	0.546243	0.785733	0.00762799	-0.641037	0.00132416	-6.08639e-05	2.80318	2.5208	2.39942	2.40421	2.53645	2.83451	3.40543	4.55007	7.41372	15	15	15	11.3341	8.5721	7.18203	
1230	1.84888	16.139	0.481944	0.785718	0.00762327	-0.641264	-0.000301803	-1.66414e-05	2.66629	2.4392	2.35666	2.39571	2.56698	2.92244	3.60181	5.02071	9.03148	15	15	15	10.3772	8.12183	6.95844	
1240	1.91941	16.1737	0.417732	0.785654	0.00762144	-0.641383	-0.00091564	-1.60463e-05	2.5524	2.37344	2.32696	2.40033	2.6138	3.03605	3.85135	5.65279	11.7251	15	15	13.5396	9.60768	7.74652	6.77397	
1250	1.99199	16.2037	0.35359	0.785529	0.00762023	-0.641393	-0.00152107	-8.85509e-06	2.45846	2.32218	2.30997	2.41853	2.67873	3.18039	4.17056	6.53158	15	15	15	12.1058	8.97942	7.43261	6.62373	
1260	2.06635	16.229	0.289495	0.785344	0.00761974	-0.641292	-0.00213249	-1.574e-06	2.38211	2.28447	2.30558	2.45113	2.76426	3.3624	4.58422	7.81654	15	15	15	10.9897	8.46053	7.16995	6.50396	
1270	2.14217	16.2495	0.225419	0.785097	0.00761999	-0.64108	-0.00274147	5.70574e-06	2.32159	2.25966	2.31396	2.49936	2.87369	3.59174	5.13118	9.84392	15	15	14.6021	10.1007	8.02841	6.95087	6.41182	
1280	2.21915	16.265	0.161328	0.78479	0.00762096	-0.640757	-0.00334017	1.29617e-05	2.27556	2.24739	2.3356	2.56488	3.01153	3.88225	5.87575	13.4652	15	15	12.9135	9.37995	7.66658	6.76949	7.98867	
1290	2.29967	16.2759	0.0972685	0.826426	0.00784144	-0.640553	0.0551532	0.0228454	2.24196	2.24639	2.3699	2.64831	3.18161	4.25076	6.92514	15	15	15	11.6239	8.79075	7.36497	6.62289	12.1516	
1300	2.38223	16.2818	0.0330546	0.827058	0.0080328	-0.640694	0.00149929	-8.80233e-05	2.22212	2.25894	2.42042	2.75559	3.39616	4.73403	8.51568	15	15	15	10.6036	8.29901	7.11021	6.50463	15	
1310	2.46503	16.2824	-0.0311545	0.827239	0.00803343	-0.640724	0.00182794	1.18069e-05	2.21693	2.28682	2.49021	2.8925	3.66925	5.38555	11.1709	15	15	13.7806	9.77874	7.88446	6.89461	6.41119	15	
1320	2.5477	16.2777	-0.095357	0.827419	0.00803473	-0.640755	0.0017717	1.3256e-05	2.22634	2.33094	2.5817	3.06512	4.01929	6.29433	15	15	15	12.2696	9.10061	7.53278	6.71291	7.45151	15	
1330	2.62992	16.2677	-0.159552	0.827593	0.00803603	-0.640787	0.00171454	1.26648e-05	2.25061	2.39262	2.69815	3.28179	4.4739	7.62671	15	15	15	11.0881	8.53559	7.23319	6.56107	12.9545	15	
1340	2.71134	16.2525	-0.223738	0.827761	0.00803726	-0.640819	0.00165332	1.20312e-05	2.2903	2.47364	2.84389	3.55409	5.07633	9.7332	15	15	15	10.1415	8.05983	6.97751	6.43597	15	15	
1350	2.79163	16.232	-0.287914	0.827923	0.00803842	-0.640851	0.00158774	1.13736e-05	2.34632	2.57641	3.02471	3.89854	5.89833	13.5005	15	15	12.9006	9.36833	7.65599	6.75945	6.33524	15	15	
1360	2.87046	16.2065	-0.352082	0.828078	0.00803952	-0.640883	0.00151796	1.06943e-05	2.41996	2.7041	3.2484	4.33947	7.06783	15	15	15	11.5411	8.72715	7.31115	6.57414	6.56326	15	15	
1370	2.95988	16.1691	-0.397601	1.1307	-0.0183206	-0.341727	4.17859	0.0698982	2.49817	2.83046	3.46511	4.77529	8.35207	15	15	15	10.6952	8.30278	7.07492	6.44498	10.9473	15	15	
1380	3.08308	16.1141	-0.411089	1.48702	-0.00254548	-0.00762295	1.44411	0.320198	2.57428	2.93138	3.61393	5.04025	9.0785	15	15	15	10.359	8.11052	6.9504	6.35963	12.604	15	15	
1390	3.22105	16.054	-0.411111	1.50466	-2.22728e-05	6.05642e-07	0.00172743	-2.5365e-05	2.64088	3.00738	3.7079	5.17197	9.31877	15	15	15	10.2536	8.02869	6.88068	6.29613	8.91971	15	15	
1400	3.35915	15.9939	-0.411076	1.50477	1.53692e-07	1.46298e-07	0.00146357	8.42866e-06	2.70738	3.08315	3.80137	5.30248	9.55454	15	15	15	10.1501	7.94779	6.81143	6.23282	6.02319	15	15	
1410	3.49725	15.9337	-0.411043	1.50491	9.44909e-09	2.9685e-09	0.00133794	-1.53216e-08	2.77389	3.15892	3.89484	5.433	9.79031	15	15	15	10.0467	7.86692	6.7422	6.16952	5.96207	15	15	
1420	3.63535	15.8736	-0.411011	1.50504	6.31711e-10	7.62769e-11	0.00127487	-2.80317e-08	2.84039	3.23468	3.98831	5.56351	10.0261	15	15	15	9.94327	7.78608	6.67298	6.10623	5.90095	15	15	
1430	3.77345	15.8135	-0.410981	1.50516	2.15792e-11	2.5137e-12	0.0012092	-9.43379e-10	2.90689	3.31045	4.08179	5.69402	10.2618	15	15	15	9.83991	7.70525	6.60378	6.04295	5.83984	15	15	
1440	3.91155	15.7533	-0.410953	1.50528	4.27325e-13	8.07738e-14	0.00114348	-1.91402e-11	2.9734	3.38621	4.17526	5.82453	10.4976	15	15	15	9.73658	7.62445	6.53459	5.97969	5.77874	15	15	
1450	4.04965	15.6932	-0.410926	1.50539	-1.9984e-15	1.36225e-16	0.00107775	2.88658e-13	3.0399	3.46198	4.26872	5.95504	10.7334	15	15	15	9.63329	7.54367	6.46542	5.91643	5.71764	15	15	
1460	4.18775	15.633	-0.4109	1.5055	-3.33067e-16	7.64573e-17	0.00101201	-1.22125e-13	3.10641	3.53774	4.36219	6.08554	10.9691	15	15	15	9.53004	7.46291	6.39625	5.85318	5.65655	15	15	
1470	4.32585	15.5729	-0.410877	1.50559	1.66533e-15	-4.58251e-17	0.000946272	5.55112e-14	3.17291	3.61351	4.45566	6.21604	11.2048	15	15	15	9.42683	7.38217	6.3271	5.78993	5.59546	15	15	
1480	4.46395	15.5128	-0.410855	1.50568	1.44329e-15	2.66249e-16	0.000880529	2.22045e-14	3.23941	3.68927	4.54912	6.34654	11.4405	15	15	15	9.32365	7.30145	6.25797	5.7267	5.53438	15	15	
1490	4.60205	15.4526	-0.410834	1.50577	6.66134e-16	1.57844e-17	0.000814782	7.77156e-14	3.30592	3.76504	4.64259	6.47703	11.6762	15	15	15	9.2205	7.22075	6.18884	5.66347	5.4733	5.5655	15	
1500	4.74015	15.3925	-0.410815	1.50585	-1.22125e-15	-5.4691e-17	0.000749032	-5.55112e-14	3.37242	3.8408	4.73604	6.60751	11.9118	15	15	15	9.11739	7.14007	6.11973	5.60026	5.41223	5.50342	15	
1510	4.87825	15.3323	-0.410798	1.50592	5.55112e-16	3.38541e-17	0.000683278	-2.22045e-14	3.43893	3.91656	4.8295	6.73798	12.1474	15	15	15	9.01432	7.05941	6.05063	5.53705	5.35117	5.44135	15	
1520	5.01635	15.2722	-0.410782	1.50598	3.33067e-16	-5.24734e-17	0.000617521	-4.44089e-14	3.50543	3.99232	4.92295	6.86844	12.3829	15	15	15	8.91127	6.97877	5.98154	5.47385	5.29011	5.37928	15	
1530	5.15445	15.2121	-0.410768	1.50604	2.22045e-16	-2.56272e-18	0.000551762	-6.66134e-14	3.57194	4.06808	5.0164	6.99889	12.6185	15	15	15	8.80825	6.89814	5.91247	5.41065	5.22905	5.31721	15	
1540	5.29255	15.1519	-0.410755	1.50609	5.55112e-16	-8.0956e-17	0.000486	1.11022e-13	3.63844	4.14384	5.10985	7.12933	12.8539	15	15	15	8.70527	6.81753	5.8434	5.34747	5.168	5.25515	15	
1550	5.43065	15.0918	-0.410744	1.50614	5.55112e-16	-4.42852e-18	0.000420236	-6.66134e-14	3.70495	4.21959	5.20329	7.25976	13.0894	15	15	15	8.60231	6.73694	5.77434	5.28429	5.10695	5.19308	15	
1560	5.56875	15.0316	-0.410735	1.50618	1.44329e-15	1.46478e-17	0.00035447	3.33067e-14	3.77145	4.29535	5.29673	7.39018	13.3247	15	15	15	8.49939	6.65636	5.7053	5.22111	5.04591	5.13102	15	
1570	5.70685	14.9715	-0.410727	1.50621	5.55112e-16	-1.15633e-16	0.000288703	6.66134e-14	3.83796	4.3711	5.39016	7.52058	13.5601	15	15	15	8.39649	6.5758	5.63626	5.15795	4.98487	5.06897	5.43305	
1580	5.84495	14.9114	-0.410721	1.50623	1.9984e-15	6.49911e-17	0.000222934	3.33067e-14	3.90446	4.44685	5.48359	7.65097	13.7953	15	15	15	8.29361	6.49525	5.56724	5.09479	4.92384	5.00691	5.36655	
1590	5.98305	14.8512	-0.410717	1.50625	5.55112e-16	-1.68834e-17	0.000157165	7.77156e-14	3.97096	4.5226	5.57701	7.78134	13.791	15	15	15	8.19077	6.41472	5.49822	5.03163	4.86281	4.94486	5.30004	
1600	6.12115	14.7911	-0.410714	1.50626	-8.88178e-16	-8.61343e-19	9.13943e-05	-1.66533e-13	4.03747	4.59835	5.67042	7.9117	13.697	14.9618	15	15	8.08794	6.33421	5.42921	4.96849	4.80179	4.8828	5.23354	
1610	6.25925	14.7309	-0.410712	1.50627	8.88178e-16	-1.20951e-16	2.56236e-05	-3.33067e-14	4.10397	4.6741	5.76383	8.04204	13.603	14.8591	15	15	7.98515	6.2537	5.36021	4.90535	4.74076	4.82075	5.16703	
1620	6.39735	14.6708	-0.410713	1.50627	9.99201e-16	-1.15172e-16	-4.01472e-05	6.66134e-14	4.17048	4.74984	5.85723	8.17236	13.5091	14.7565	15	15	7.88237	6.17321	5.29122	4.84221	4.67975	4.75871	5.10053	
1630	6.53545	14.6107	-0.410714	1.50626	-7.77156e-16	9.11971e-18	-0.000105918	0	4.23698	4.82558	5.95063	8.30266	13.4152	14.6539	15	15	7.77962	6.09273	5.22224	4.77908	4.61873	4.69666	5.03402	
1640	6.67355	14.5505	-0.410718	1.50625	2.22045e-16	1.11676e-16	-0.000171688	2.22045e-14	4.30349	4.90132	6.04402	8.43294	13.3213	14.5514	15	15	7.67689	6.01227	5.15327	4.71595	4.55772	4.63462	4.96752	
1650	6.81165	14.4904	-0.410723	1.50622	9.99201e-16	-9.0953e-17	-0.000237457	-1.11022e-14	4.36999	4.97706	6.1374	8.56319	13.2274	14.4488	15	15	7.57418	5.93181	5.0843	4.65283	4.49671	4.57257	4.90101	
1660	6.94975	14.4302	-0.41073	1.5062	-7.77156e-16	5.78645e-18	-0.000303226	2.22045e-14	4.4365	5.05279	6.23077	8.69343	13.1335	14.3464	15	15	7.47148	5.85137	5.01534	4.58972	4.43571	4.51053	4.83451	
1670	7.08785	14.3701	-0.410738	1.50616	-3.33067e-16	1.11148e-16	-0.000368993	-1.11022e-13	4.503	5.12852	6.32413	8.82365	13.0397	14.2439	15	15	7.36881	5.77094	4.94638	4.5266	4.37471	4.4485	4.76801	
1680	7.22595	14.31	-0.410748	1.50612	-1.11022e-16	-4.95433e-17	-0.000434758	-2.22045e-14	4.56951	5.20425	6.41749	8.95384	12.9459	14.1415	15	15	7.26616	5.69052	4.87744	4.4635	4.31371	4.38646	4.7015	
1690	7.36405	14.2498	-0.410759	1.50608	1.11022e-15	-3.64565e-17	-0.000500522	0	4.63601	5.27997	6.51084	9.084	12.8522	14.0391	15	15	7.16352	5.6101	4.8085	4.40039	4.25271	4.32442	4.635	
1700	7.50215	14.1897	-0.410772	1.50602	1.11022e-16	-3.37538e-17	-0.000566283	-4.44089e-14	4.70252	5.35569	6.60417	9.21414	12.7584	13.9368	15	15	7.0609	5.5297	4.73956	4.3373	4.19172	4.26239	4.56849	
1710	7.64025	14.1295	-0.410787	1.50596	-3.66374e-15	2.83589e-15	-0.000632042	1.4877e-12	4.76902	5.43141	6.6975	9.34425	12.6647	13.8345	15	15	6.95829	5.44931	4.67063	4.2742	4.13073	4.20035	4.50199	
1720	7.77835	14.0694	-0.410803	1.5059	-1.22125e-14	4.53249e-14	-0.000697798	3.66374e-13	4.83553	5.50713	6.79082	9.47434	12.571	13.7322	15	15	6.8557	5.36892	4.60171	4.21111	4.06974	4.13832	4.43548	
1730	7.91645	14.0093	-0.410821	1.50582	-3.31957e-14	1.21756e-14	-0.000763551	-3.9968e-13	4.90203	5.58284	6.88413	9.60439	12.4773	13.63	15	15	6.75312	5.28854	4.53279	4.14802	4.00875	4.07629	4.36898	
1740	8.05455	13.9491	-0.41084	1.50574	-1.77636e-14	1.10667e-14	-0.000829301	7.77156e-13	4.96853	5.65855	6.97743	9.73442	12.3837	13.5277	15	15	6.65055	5.20817	4.46387	4.08493	3.94776	4.01426	4.30247	
1750	8.19265	13.889	-0.410861	1.50566	-2.87548e-14	1.25394e-14	-0.000895047	-1.53211e-12	5.03504	5.73425	7.07071	9.86442	12.29	13.4256	15	15	6.548	5.1278	4.39496	4.02185	3.88678	3.95223	4.23597	
1760	8.33075	13.8289	-0.410884	1.50556	-1.72085e-14	1.27357e-14	-0.000960789	1.36557e-12	5.10154	5.80995	7.16399	9.99439	12.1964	13.3234	15	15	6.44546	5.04745	4.32606	3.95877	3.8258	3.8902	4.16947	
1770	8.46885	13.7687	-0.410908	1.50546	-2.70894e-14	-9.85947e-15	-0.00102653	1.74305e-12	5.16805	5.88565	7.25725	10.1243	12.1028	13.2213	15	15	6.34292	4.96709	4.25715	3.89569	3.76482	3.82818	4.10296	
1780	8.60695	13.7086	-0.410934	1.50536	-2.4647e-14	-1.00226e-14	-0.00109226	-1.22125e-13	5.23455	5.96134	7.3505	10.2542	12.0093	13.1192	15	15	6.2404	4.88674	4.18825	3.83262	3.70384	3.76615	4.03646	
1790	8.74506	13.6484	-0.410962	1.50524	-2.38698e-14	-1.07888e-14	-0.00115799	-4.44089e-14	5.30106	6.03703	7.44374	10.3841	11.9157	13.0171	15	15	6.13788	4.8064	4.11936	3.76954	3.64286	3.70412	3.96995	
1800	8.88316	13.5883	-0.410991	1.50512	-2.35367e-14	-1.00048e-14	-0.00122371	8.88178e-14	5.36756	6.11271	7.53697	10.5139	11.8222	12.915	15	15	6.03537	4.72606	4.05046	3.70647	3.58189	3.6421	3.90345	
1810	9.02126	13.5282	-0.411021	1.505	-4.32987e-15	-1.55625e-15	-0.00128943	1.58762e-12	5.43406	6.18839	7.63019	10.6437	11.7287	12.813	14.9439	15	5.93287	4.64573	3.98157	3.6434	3.52091	3.58007	3.83694	
1820	9.15936	13.468	-0.411054	1.50487	7.77156e-16	-2.58179e-17	-0.00135514	9.99201e-14	5.50057	6.26407	7.72339	10.7735	11.6351	12.711	14.8252	15	5.83038	4.56539	3.91268	3.58033	3.45994	3.51805	3.77044	
1830	9.29746	13.4079	-0.411087	1.50473	-5.55112e-16	1.87697e-17	-0.00142085	-9.99201e-14	5.56707	6.33974	7.81657	10.9032	11.5417	12.609	14.7064	15	5.72788	4.48506	3.84379	3.51727	3.39897	3.45603	3.70394	
1840	9.4355	13.3478	-0.411113	1.50087	0.000302357	0.000299247	-0.144792	0.000481376	5.63351	6.41533	7.90965	11.0327	11.4482	12.5071	14.5877	15	5.62549	4.40481	3.77496	3.45425	3.33804	3.39405	3.63748	
1850	9.57306	13.2879	-0.411107	1.49826	7.61065e-07	9.09735e-07	-0.000559162	-0.000230898	5.69888	6.48974	8.00136	10.9769	11.3558	12.406	14.4699	15	5.52446	4.32567	3.70713	3.39217	3.27804	3.33304	3.57208	
1860	9.71058	13.228	-0.411107	1.49826	1.6525e-08	-1.01453e-08	1.96145e-05	-6.13454e-07	5.76418	6.56411	8.09305	10.8877	11.2635	12.3052	14.3522	15	5.42345	4.24659	3.63936	3.33015	3.21811	3.2721	3.50678	
1870	9.8481	13.1681	-0.411106	1.49826	-5.5323e-10	-2.34979e-10	1.82026e-05	4.10027e-08	5.82949	6.63848	8.18474	10.7985	11.1711	12.2043	14.2346	14.8745	5.32245	4.1675	3.57158	3.26814	3.15818	3.21116	3.44147	
1880	9.98562	13.1082	-0.411106	1.49826	-1.87044e-11	-5.51623e-12	1.75769e-05	4.51827e-10	5.89479	6.71285	8.27644	10.7092	11.0788	12.1034	14.1169	14.7244	5.22145	4.08842	3.5038	3.20612	3.09825	3.15023	3.37616	
1890	10.1231	13.0483	-0.411105	1.49826	-3.61045e-13	-1.80001e-13	1.75877e-05	1.84963e-11	5.9601	6.78722	8.36813	10.62	10.9865	12.0026	13.9993	14.5742	5.12044	4.00933	3.43603	3.1441	3.03832	3.08929	3.31086	
1900	10.2607	12.9884	-0.411105	1.49827	-5.57332e-14	-3.10295e-14	1.75788e-05	2.17604e-12	6.0254	6.86159	8.45982	10.5307	10.8942	11.9017	13.8817	14.4241	5.01944	3.93025	3.36825	3.08209	2.97839	3.02836	3.24555	
1910	10.3982	12.9286	-0.411105	1.49827	-4.39648e-14	-6.96116e-16	1.75695e-05	-1.4877e-12	6.09071	6.93596	8.55152	10.4415	10.8019	11.8009	13.764	14.2739	4.91844	3.85116	3.30048	3.02007	2.91846	2.96742	3.18025	
1920	10.5357	12.8687	-0.411104	1.49827	-4.77396e-14	-1.8938e-16	1.75602e-05	-5.55112e-14	6.15601	7.01033	8.64321	10.3523	10.7095	11.7	13.6464	14.1238	4.81744	3.77208	3.2327	2.95805	2.85853	2.90649	3.11494	
1930	10.6732	12.8088	-0.411104	1.49827	-4.68514e-14	-2.99498e-17	1.75509e-05	5.55112e-14	6.22132	7.0847	8.7349	10.263	10.6172	11.5991	13.5287	13.9736	4.71643	3.69299	3.16493	2.89603	2.7986	2.84555	3.04964	
1940	10.8107	12.7489	-0.411103	1.49827	-4.77396e-14	1.02655e-16	1.75416e-05	3.33067e-14	6.28663	7.15906	8.8266	10.1738	10.5249	11.4983	13.4111	13.8235	4.61543	3.61391	3.09715	2.83402	2.73867	2.78462	2.98433	
1950	10.9483	12.689	-0.411103	1.49827	-4.84057e-14	-2.31827e-16	1.75322e-05	-2.22045e-13	6.35193	7.23343	8.91829	10.0845	10.4326	11.3974	13.2934	13.6733	4.51443	3.53483	3.02937	2.772	2.67874	2.72368	2.91903	
1960	11.0858	12.6291	-0.411102	1.49828	-4.76286e-14	-1.08716e-16	1.75229e-05	-1.44329e-13	6.41724	7.3078	9.00998	9.99531	10.3403	11.2966	13.1758	13.5232	4.41343	3.45574	2.9616	2.70998	2.61881	2.66275	2.85372	
1970	11.2233	12.5693	-0.411102	1.49828	-4.92939e-14	2.87868e-17	1.75136e-05	8.88178e-14	6.48254	7.38217	9.10168	9.90607	10.2479	11.1957	13.0582	13.373	4.31243	3.37666	2.89382	2.64797	2.55888	2.60181	2.78842	
1980	11.3608	12.5094	-0.411102	1.49828	-4.79616e-14	-2.08339e-16	1.75043e-05	-1.11022e-13	6.54785	7.45654	9.19337	9.81683	10.1556	11.0948	12.9405	13.2229	4.21143	3.29757	2.82605	2.58595	2.49895	2.54088	2.72311	
1990	11.4943	12.4523	-0.405585	1.30314	0.026389	0.210636	-4.95473	0.155098	6.6026	7.51092	9.24664	9.72613	10.0539	10.974	12.7852	13.0544	4.13128	3.22915	2.76415	2.52698	2.43998	2.47893	2.65441	
2000	11.593	12.4142	-0.363102	0.872073	0.00227998	0.597978	-3.5797	-0.8475	6.54002	7.3561	8.91569	9.65099	9.88854	10.6875	12.2978	12.7397	4.2963	3.2913	2.78033	2.5159	2.40764	2.4249	2.57232	
2010	11.6707	12.3869	-0.299299	0.816986	-0.00799174	0.640685	-0.00672891	0.00608107	6.42201	7.0973	8.40212	9.61881	9.71506	10.3368	11.6688	12.378	13.682	3.4704	2.86352	2.54596	2.40014	2.38315	2.4904	
2020	11.7494	12.3648	-0.235073	0.816713	-0.00793142	0.640763	-0.00284526	4.05611e-05	6.32718	6.87565	7.96557	9.62349	9.58013	10.0383	11.1285	12.0766	13.125	3.70237	2.97467	2.59477	2.40799	2.35653	2.42635	
2030	11.8294	12.3478	-0.170856	0.816435	-0.00792697	0.640834	-0.00269215	3.40407e-05	6.25604	6.69	7.59806	9.33281	9.48278	9.78914	10.6688	12.4056	12.6544	3.99834	3.11676	2.66312	2.43117	2.34454	2.37906	
2040	11.9102	12.336	-0.106651	0.816172	-0.00792358	0.640904	-0.00256671	3.34859e-05	6.20709	6.53585	7.28723	8.72834	9.42179	9.58477	10.2779	11.7122	12.2591	13.6691	3.29637	2.75354	2.47058	2.34708	2.34745	
2050	11.9916	12.3294	-0.0424575	0.815923	-0.00792032	0.640972	-0.00243812	3.19563e-05	6.17936	6.40973	7.0238	8.22406	9.3967	9.42161	9.94676	11.1247	11.9304	13.0735	3.52253	2.86942	2.52753	2.36437	2.33079	
2060	12.0732	12.328	0.0217227	0.815686	-0.00791721	0.641038	-0.00231247	3.03544e-05	6.1723	6.30901	6.80066	7.79956	9.40777	9.29712	9.66821	10.6251	11.6617	12.5704	3.80795	3.01528	2.60383	2.39695	2.32869	
2070	12.1547	12.3319	0.0858901	0.815462	-0.00791426	0.6411	-0.0021898	2.86934e-05	6.18582	6.23173	6.61238	7.43988	9.02121	9.20959	9.43684	10.2	11.7378	12.1472	13.667	3.19721	2.70192	2.44569	2.34107	
2080	12.2357	12.341	0.150046	0.815249	-0.00791149	0.641158	-0.00207013	2.69776e-05	6.22025	6.17649	6.45474	7.13384	8.44595	9.1581	9.24848	9.83896	11.1048	11.7941	13.0346	3.42349	2.82502	2.51187	2.36812	
2090	12.316	12.3552	0.214191	0.815049	-0.00790889	0.641212	-0.00195348	2.52103e-05	6.27635	6.14237	6.32451	6.87294	7.96272	9.14246	9.10006	9.5339	10.5676	11.5037	12.5009	3.70562	2.97742	2.59727	2.41038	
2100	12.3952	12.3746	0.278328	0.81486	-0.00790646	0.64126	-0.00183978	2.33948e-05	6.35535	6.12893	6.21921	6.65067	7.55346	9.16325	8.98938	9.2786	10.1109	11.7547	12.052	13.6875	3.16483	2.70422	2.46872	
2110	12.4857	12.4051	0.315656	1.10714	0.0301733	0.119123	3.4164	-0.284506	6.42087	6.13124	6.16227	6.52233	7.31675	8.83605	8.94211	9.14072	9.85367	11.3019	11.8033	13.2403	3.31189	2.7885	2.51694	
2120	12.5999	12.4442	0.324902	1.39738	0.025457	0.0736568	4.66861	-0.761961	6.40947	6.10709	6.12526	6.46888	7.23786	8.71	8.86045	9.03806	9.72033	11.117	11.6768	13.062	3.38361	2.83941	2.55644	
2130	12.7413	12.4922	0.3257	1.50451	-3.66393e-05	8.60537e-06	0.00934556	0.00277226	6.36153	6.05911	6.07495	6.41329	7.17242	8.626	8.71191	8.88334	9.55015	10.917	11.5174	12.8782	3.45686	2.89919	2.60911	
2140	12.884	12.5404	0.325671	1.50468	9.48489e-07	-3.88455e-07	0.00133652	-0.00015036	6.31002	6.01001	6.02567	6.36123	7.11414	8.55581	8.56121	8.72963	9.38486	10.728	11.3625	12.7051	3.52518	2.95646	2.66063	
2150	13.0267	12.5885	0.325643	1.50481	6.5057e-09	-4.65187e-09	0.00134386	7.20322e-08	6.25851	5.96091	5.97641	6.30918	7.05587	8.48565	8.41057	8.57599	9.21965	10.5391	11.2076	12.5321	3.59349	3.01372	2.71214	
2160	13.1694	12.6367	0.325617	1.50495	-1.53653e-09	-2.24855e-10	0.00128521	6.78407e-08	6.20699	5.91181	5.92715	6.25714	6.99761	8.4155	8.25998	8.42242	9.05451	10.3503	11.0529	12.3591	14.8604	3.07098	2.76365	
2170	13.3121	12.6848	0.325592	1.50507	-4.77682e-11	-6.54667e-12	0.00122042	1.63373e-09	6.15548	5.86271	5.87789	6.2051	6.93937	8.34538	8.10946	8.26891	8.88944	10.1615	10.8981	12.1862	14.6527	3.12824	2.81516	
2180	13.4549	12.733	0.325568	1.50519	-1.06165e-12	-1.73774e-13	0.00115578	5.27689e-11	6.10397	5.81362	5.82864	6.15307	6.88114	8.21248	7.959	8.11545	8.72444	9.97288	10.7435	12.0133	14.4449	3.1855	2.86667	
2190	13.5976	12.7811	0.325545	1.5053	-4.83502e-14	-3.18472e-14	0.00109115	1.08802e-12	6.05246	5.76453	5.77939	6.10105	6.82292	8.0573	7.80859	7.96206	8.5595	9.7843	10.5889	11.8405	14.2373	3.24276	2.91818	
2200	13.7403	12.8292	0.325524	1.50541	-4.79061e-14	1.8808e-14	0.0010265	-3.66929e-12	6.00095	5.71544	5.73015	6.04903	6.76471	7.90218	7.65823	7.80872	8.39463	9.5958	10.4343	11.6677	14.0297	3.30002	2.96969	
2210	13.883	12.8774	0.325504	1.50551	-1.59872e-14	2.58824e-14	0.000961855	-1.44329e-13	5.94944	5.66635	5.68091	5.99703	6.70651	7.74711	7.50792	7.65544	8.22982	9.40737	10.2798	11.495	13.8221	15	3.0212	
2220	14.0257	12.9255	0.325486	1.5056	-1.49325e-14	2.60556e-14	0.000897203	-1.05471e-13	5.89793	5.61727	5.63167	5.94502	6.64832	7.59208	7.35766	7.50221	8.06507	9.21901	10.1254	11.3224	13.6146	15	3.07271	
2230	14.1685	12.9737	0.325468	1.50569	-1.53766e-14	-2.58564e-14	0.000832548	3.88578e-14	5.84642	5.56818	5.58244	5.89303	6.59014	7.43711	7.20745	7.34903	7.90037	9.03072	9.97097	11.1498	13.4072	15	3.12422	
2240	14.3112	13.0218	0.325452	1.50576	-3.66929e-14	1.90384e-14	0.000767889	-1.98175e-12	5.79491	5.5191	5.53321	5.84104	6.53197	7.28217	7.05729	7.1959	7.73573	8.8425	9.81662	10.9772	13.1998	15	3.17573	
2250	14.4539	13.07	0.325437	1.50584	-1.53211e-14	-2.63294e-14	0.000703227	-1.33227e-12	5.7434	5.47003	5.48399	5.78906	6.47382	7.12728	6.90716	7.04281	7.57114	8.65433	9.66231	10.8047	12.9924	15	3.22725	
2260	14.5966	13.1181	0.325424	1.5059	-3.14748e-14	-1.99181e-14	0.000638561	-2.80886e-12	5.69188	5.42095	5.43477	5.73709	6.41567	6.97243	6.75708	6.88977	7.40661	8.46623	9.50804	10.6323	12.7851	15	15	
2270	14.7393	13.1663	0.325412	1.50597	-3.475e-14	-1.8933e-14	0.000573893	-1.7597e-12	5.64037	5.37187	5.38556	5.68512	6.35753	6.81762	6.60704	6.73677	7.24212	8.27819	9.35382	10.4598	12.5778	15	15	
2280	14.8821	13.2144	0.325401	1.50602	-3.20299e-14	-1.90067e-14	0.000509223	-3.27516e-12	5.58886	5.3228	5.33635	5.63315	6.2994	6.66285	6.45704	6.58381	7.07767	8.09021	9.39972	10.2875	12.3706	15	15	
2290	15.0248	13.2626	0.325392	1.50607	-3.2252e-14	-1.93328e-14	0.00044455	-3.33067e-12	5.53735	5.27373	5.28714	5.5812	6.24128	6.50811	6.30707	6.43089	6.91327	7.90227	9.54312	10.1151	12.1634	15	15	
2300	15.1675	13.3107	0.325383	1.50611	-2.66454e-14	5.60115e-16	0.000379875	-2.23155e-12	5.48584	5.22466	5.23794	5.52924	6.18317	6.35341	6.15714	6.27801	6.74891	7.71439	9.56171	9.94282	11.9562	15	15	
2310	15.3102	13.3589	0.325376	1.50614	-3.31957e-14	1.90403e-14	0.000315199	-3.38063e-12	5.43433	5.17559	5.18874	5.4773	6.12507	6.19874	6.00724	6.12516	6.58459	7.52655	9.32888	9.77055	11.7491	15	15	
2320	15.4529	13.407	0.325371	1.50617	-3.45834e-14	1.8923e-14	0.000250521	-1.94289e-12	5.38282	5.12653	5.13954	5.42536	6.06698	6.0441	5.85738	5.97235	6.42031	7.33876	9.0961	9.59832	11.542	15	15	
2330	15.5957	13.4552	0.325366	1.50619	-3.40283e-14	-2.25731e-14	0.000185843	-1.7486e-12	5.33131	5.07746	5.09035	5.37342	6.00889	5.88949	5.70754	5.81956	6.25606	7.151	8.86338	9.42612	11.3349	15	15	
2340	15.7384	13.5033	0.325363	1.50621	-4.29656e-14	8.28567e-14	0.000121163	-6.88338e-13	5.27979	5.0284	5.04115	5.32149	5.95082	5.7349	5.55772	5.66681	6.09184	6.96329	8.63071	9.25395	11.1279	14.8899	15	
2350	15.8811	13.5514	0.325362	1.50621	4.27436e-15	1.04383e-13	5.64832e-05	8.88178e-13	5.22828	4.97934	4.99197	5.26957	5.89275	5.58034	5.40794	5.51408	5.92766	6.77562	8.39809	9.08181	10.9209	14.6129	15	
2360	16.0238	13.5996	0.325361	1.50622	6.66134e-15	5.9803e-14	-8.19702e-06	-3.21965e-13	5.17677	4.93028	4.94278	5.21765	5.83469	5.4258	5.25817	5.36137	5.7635	6.58798	8.16551	8.9097	10.714	14.336	15	
2370	16.1665	13.6477	0.325362	1.50621	2.56462e-14	7.77102e-14	-7.28772e-05	2.7367e-12	5.12526	4.88122	4.8936	5.16573	5.74229	5.27129	5.10843	5.20869	5.59937	6.40036	7.93298	8.73761	10.507	14.0591	15	
2380	16.3093	13.6959	0.325364	1.5062	-1.7597e-14	1.01439e-13	-0.000137557	-3.89688e-12	5.07375	4.83217	4.84442	5.11382	5.57399	5.11679	4.95871	5.05603	5.43526	6.21278	7.70048	8.56555	10.3001	13.7822	15	
2390	16.452	13.744	0.325368	1.50618	-2.94209e-15	2.96454e-14	-0.000202236	3.29181e-12	5.02224	4.78311	4.79525	5.06192	5.4057	4.96231	4.809	4.90339	5.27117	6.02523	7.46802	8.39352	10.0932	13.5053	15	
2400	16.5947	13.7922	0.325373	1.50616	-3.60822e-14	-3.02231e-14	-0.000266915	-1.49325e-12	4.97073	4.73406	4.74607	5.01001	5.23743	4.80784	4.65931	4.75077	5.1071	5.83769	7.23559	8.2215	9.88638	13.2285	15	
2410	16.7374	13.8403	0.325379	1.50613	-3.83582e-14	-3.10792e-14	-0.000331592	-1.51545e-12	4.91922	4.68501	4.6969	4.95812	5.06917	4.65339	4.50964	4.59816	4.94305	5.65018	7.00319	8.04951	9.67953	12.9517	15	
2420	16.8801	13.8885	0.325386	1.50609	-3.7248e-14	3.00123e-14	-0.000396268	-1.79856e-12	4.8677	4.63596	4.64774	4.90622	4.90093	4.49895	4.35997	4.44556	4.77902	5.46269	6.77081	7.87754	9.47271	12.6749	15	
2430	17.0228	13.9366	0.325395	1.50605	-3.747e-14	3.00318e-14	-0.000460942	-1.62093e-12	4.81619	4.58691	4.59857	4.85433	4.7327	4.34453	4.21032	4.29298	4.61499	5.27521	6.53845	7.70558	9.2659	12.3981	15	
2440	17.1656	13.9848	0.325405	1.506	-3.69149e-14	-3.00454e-14	-0.000525615	-1.46549e-12	4.76468	4.53786	4.54941	4.80245	4.56447	4.19011	4.06068	4.1404	4.45098	5.08774	6.30611	7.53364	9.05911	12.1214	15	
2450	17.3083	14.0329	0.325416	1.50594	-1.9762e-14	-4.26801e-14	-0.000590284	1.70974e-12	4.71317	4.48881	4.50025	4.75056	4.39626	4.03569	3.91104	3.98784	4.28698	4.90028	6.07378	7.4492	8.85234	11.8446	15	
2460	17.451	14.0811	0.325429	1.50588	-3.70259e-14	3.06162e-14	-0.000654952	-1.82632e-12	4.66166	4.43976	4.45109	4.69869	4.22805	3.88129	3.76141	3.83527	4.12298	4.71283	5.84146	7.53921	8.64557	11.5679	15	
2470	17.5937	14.1292	0.325443	1.50581	-3.36398e-14	1.38485e-15	-0.000719616	3.16414e-13	4.61015	4.39072	4.40193	4.64681	4.05984	3.72688	3.61178	3.68271	3.95898	4.52539	5.60915	7.62921	8.43882	11.2911	15	
2480	17.7364	14.1773	0.325458	1.50574	-3.36398e-14	-1.8249e-15	-0.000784278	1.77636e-13	4.55864	4.34168	4.35278	4.52242	3.89163	3.57248	3.46215	3.53015	3.79499	4.33795	5.37684	7.56911	8.23208	11.0144	15	
2490	17.8792	14.2255	0.325474	1.50566	-3.11418e-14	-1.58452e-15	-0.000848936	3.4972e-13	4.50713	4.29263	4.30363	4.32693	3.72342	3.41807	3.31253	3.3776	3.63099	4.1505	5.14453	7.24214	8.02535	10.7377	15	
2500	18.0219	14.2736	0.325492	1.50557	-2.83662e-14	2.38807e-16	-0.000913591	-2.10387e-12	4.45562	4.24359	4.25448	4.13144	3.55521	3.26367	3.1629	3.22504	3.467	3.96305	4.91221	6.91516	7.81862	10.461	15	
2510	18.1646	14.3218	0.325511	1.50547	-3.75255e-14	3.11244e-14	-0.000978241	-1.89293e-12	4.4041	4.19455	4.20533	3.93595	3.387	3.10926	3.01326	3.07247	3.303	3.7756	4.67989	6.58816	7.6119	10.1843	15	
2520	18.3073	14.3699	0.325532	1.50537	-3.82472e-14	3.00641e-14	-0.00104289	-1.85407e-12	4.35259	4.14551	4.15618	3.74045	3.21878	2.95484	2.86362	2.9199	3.13899	3.58814	4.44755	6.26115	7.40518	9.90759	15	
2530	18.45	14.4181	0.325553	1.50526	-3.74145e-14	3.09791e-14	-0.00110753	-1.74305e-12	4.30108	4.09647	4.10703	3.54494	3.05055	2.80042	2.71397	2.76732	2.97497	3.40067	4.2152	5.93411	7.19846	9.63089	15	
2540	18.5928	14.4662	0.325576	1.50515	-1.65978e-14	-4.05982e-14	-0.00117217	-8.16014e-13	4.24957	4.04743	4.05789	3.34942	2.88231	2.64598	2.56432	2.61473	2.81094	3.21318	3.98283	5.60705	6.99175	9.35419	15	
2550	18.7218	14.5065	0.307117	1.13462	-0.0275192	-0.344497	-4.21094	0.599004	4.18034	3.9959	3.92688	3.11613	2.69488	2.48367	2.41547	2.47155	2.66721	3.06333	3.82276	5.44593	6.89298	9.30835	15	
2560	18.8118	14.5316	0.253582	0.823603	0.00890537	-0.636136	-0.707498	0.0968887	4.09537	3.96081	3.55398	2.88418	2.53372	2.36493	2.32661	2.40836	2.63288	3.07354	3.92791	5.84614	7.15048	9.99522	15	
2570	18.8916	14.5501	0.18939	0.817873	0.00793905	-0.640707	-0.00269959	-0.000569796	4.01907	3.94425	3.20679	2.66974	2.38939	2.26512	2.2609	2.3756	2.64212	3.15416	4.17184	6.65146	7.61448	11.2156	15	
2580	18.9724	14.5634	0.125173	0.817596	0.00793932	-0.640769	-0.00296747	-5.58944e-05	3.96603	3.75904	2.91696	2.48491	2.26318	2.17804	2.20568	2.35355	2.66597	3.26267	4.49382	6.58776	8.1991	12.9002	15	
2590	19.0538	14.5715	0.0609649	0.81731	0.00793553	-0.640832	-0.00279842	-3.46749e-05	3.93507	3.33977	2.67284	2.32512	2.15298	2.10275	2.16069	2.34271	2.70642	3.40599	4.92644	6.54519	8.94748	15	15	
2600	19.1355	14.5744	-0.00323122	0.817037	0.00793211	-0.640895	-0.00267221	-3.36848e-05	3.92548	2.99853	2.46566	2.1867	2.05712	2.03854	2.12594	2.34398	2.76641	3.59446	5.5254	6.92717	9.9284	15	15	
2610	19.2172	14.5721	-0.0674148	0.816777	0.00792881	-0.640957	-0.00254688	-3.23152e-05	3.56201	2.71706	2.28888	2.06681	1.97426	1.98492	2.10164	2.35862	2.85	3.84346	6.39222	7.40707	11.2563	15	15	
2620	19.2986	14.5645	-0.131586	0.816529	0.00792566	-0.641017	-0.00242351	-3.08735e-05	3.14843	2.48248	2.13754	1.9632	1.9034	1.94161	2.08826	2.38841	2.96283	4.17683	6.36942	8.01824	13.1366	15	15	
2630	19.3792	14.5517	-0.195745	0.816294	0.00792266	-0.641075	-0.00230231	-2.93726e-05	2.81624	2.28553	2.00784	1.87411	1.84377	1.90857	2.08653	2.43579	3.11297	4.63345	6.30167	8.81189	15	15	15	
2640	19.4589	14.5338	-0.259892	0.81607	0.0079198	-0.64113	-0.00218344	-2.78157e-05	2.54559	2.11933	1.89681	1.79819	1.79486	1.88594	2.09757	2.50413	3.3122	5.28127	6.69838	9.87066	15	15	15	
2650	19.5372	14.5108	-0.32403	0.815858	0.00791711	-0.641182	-0.00206696	-2.62058e-05	2.32277	1.97873	1.80216	1.73437	1.75638	1.87413	2.12291	2.59807	3.57844	6.25046	7.20208	11.337	15	15	12.9864	
2660	19.6139	14.4829	-0.388161	0.815658	0.00791458	-0.64123	-0.0019529	-2.45458e-05	2.13797	1.8598	1.7221	1.68191	1.72823	1.87381	2.16469	2.72418	3.94012	6.06554	7.8516	13.4787	15	15	11.0829	
2670	19.6885	14.4501	-0.452286	0.815468	0.00791222	-0.641273	-0.00184124	-2.2839e-05	1.98404	1.75954	1.65524	1.64027	1.71057	1.88597	2.22581	2.89194	4.44516	6.07441	8.70803	15	15	15	9.7395	
2680	19.761	14.4126	-0.516408	0.81529	0.00791003	-0.64131	-0.00173191	-2.10886e-05	1.85567	1.6756	1.60054	1.60915	1.70375	1.91202	2.3103	3.11548	5.18092	6.49547	9.87301	15	15	15	8.74524	
2690	19.8308	14.3706	-0.58053	0.815123	0.00790802	-0.641342	-0.00162479	-1.92981e-05	1.74886	1.60618	1.55723	1.58847	1.70841	1.95393	2.42378	3.41672	6.0978	7.03561	11.529	15	15	12.6545	7.9836	
2700	19.8978	14.3241	-0.644653	0.814966	0.00790619	-0.641368	-0.00151973	-1.74709e-05	1.66054	1.54992	1.52481	1.57838	1.72553	2.01433	2.57426	3.83143	5.69146	7.7411	14.0391	15	15	10.9414	7.38496	
2710	19.9616	14.2735	-0.70878	0.81482	0.00790455	-0.641387	-0.00141651	-1.56105e-05	1.58838	1.50578	1.50298	1.57925	1.75644	2.09687	2.77348	4.42215	5.89447	8.68673	15	15	15	9.69823	6.90521	
2720	20.0221	14.2189	-0.772911	0.814684	0.00790309	-0.641398	-0.0013149	-1.37206e-05	1.53058	1.47301	1.4917	1.59172	1.80301	2.20658	3.03924	5.30873	6.35303	10.0014	15	15	14.4661	8.75877	6.51506	
2730	20.0789	14.1606	-0.837048	0.814558	0.00790182	-0.641402	-0.00121463	-1.18048e-05	1.4858	1.45114	1.49112	1.61674	1.86775	2.35054	3.39986	5.6428	6.94722	11.9278	15	15	12.2741	8.02707	6.19433	
2740	20.1319	14.0987	-0.901191	0.814442	0.00790075	-0.641399	-0.0011154	-9.86694e-06	1.45303	1.43991	1.50165	1.65567	1.95407	2.53899	3.90302	5.39433	7.73376	14.9829	15	15	10.722	7.444	6.56488	
2750	20.1808	14.0336	-0.96534	0.814336	0.00789987	-0.641387	-0.00101688	-7.91072e-06	1.43156	1.4393	1.52396	1.71031	2.06667	2.78715	4.63569	5.79346	8.80714	15	15	15	9.56874	6.97112	7.04345	
2760	20.2254	13.9655	-1.02949	0.81424	0.00789919	-0.641368	-0.000918718	-5.93997e-06	1.42095	1.44951	1.55901	1.78313	2.21205	3.11859	5.55754	6.30684	10.337	15	15	13.7576	8.6812	6.58243	7.64511	
2770	20.2656	13.8947	-1.09365	0.814153	0.0078987	-0.64134	-0.000820555	-3.95857e-06	1.42099	1.47096	1.60816	1.87742	2.39948	3.57182	5.15312	6.97887	12.6613	15	15	11.8204	7.97973	6.25971	8.41816	
2780	20.3011	13.8214	-1.15781	0.814077	0.00789841	-0.641303	-0.000722011	-1.97037e-06	1.43168	1.50438	1.67325	1.99766	2.6425	4.21411	5.34684	7.8813	15	15	15	10.4108	7.41382	6.40533	9.44055	
2790	20.3319	13.7461	-1.22196	0.81401	0.00789833	-0.641258	-0.000622704	2.07119e-08	1.45327	1.55076	1.75669	2.15001	2.96162	5.17437	5.80281	9.13787	15	15	15	9.34195	6.94993	6.8891	10.8467	
2800	20.3577	13.6689	-1.28611	0.813953	0.00789844	-0.641205	-0.000522248	2.01082e-06	1.48623	1.61148	1.86174	2.3431	3.38941	5.01249	6.39343	10.9816	15	15	13.003	8.50611	6.56492	7.50608	12.8893	
2810	20.3786	13.5902	-1.35026	0.813906	0.00789875	-0.641144	-0.000420259	3.99607e-06	1.53131	1.6884	1.99274	2.58934	3.98069	5.00356	7.17506	13.9088	15	15	11.2853	7.83683	6.24235	8.31237	15	
2820	20.3944	13.5103	-1.41439	0.81387	0.00789926	-0.641075	-0.000316363	5.97258e-06	1.58955	1.78393	2.15563	2.90715	4.83536	5.42001	8.24153	15	15	15	10.0059	7.29089	6.18379	9.40138	15	
2830	20.405	13.4296	-1.47851	0.813844	0.00789996	-0.640998	-0.000210194	7.93653e-06	1.66236	1.90131	2.3586	3.32505	4.85004	5.95384	9.76131	15	15	14.2883	9.01847	6.83902	6.67437	10.9408	15	
2840	20.4104	13.3483	-1.54261	0.813829	0.00790086	-0.640914	-0.000101407	9.88412e-06	1.75161	2.04479	2.61323	3.88952	4.7545	6.65073	12.0697	15	15	12.197	8.23527	6.4607	7.31002	13.265	15	
2850	20.4107	13.2669	-1.60669	0.813825	0.00790196	-0.640822	1.03237e-05	1.18116e-05	1.85973	2.22013	2.93643	4.6817	5.14499	7.58445	15	15	15	10.6725	7.60076	6.14115	8.15668	15	15	
2860	20.4056	13.1856	-1.67076	0.813832	0.00790324	-0.640724	0.000125297	1.37152e-05	1.98992	2.43518	3.3538	4.67289	5.64031	8.88208	15	15	15	9.51406	7.07801	5.9222	9.32815	15	15	
2870	20.3953	13.1042	-1.73479	0.823739	0.00786632	-0.640588	0.0312052	0.00878786	2.14832	2.70335	3.90942	4.59148	6.27909	10.7832	15	15	13.1564	8.60538	6.64112	6.41782	11.0275	15	15	
2880	20.3777	13.0205	-1.79416	0.949319	-0.0425936	-0.469017	3.55729	-0.482481	2.33467	3.02826	4.63904	4.95095	7.08138	13.6299	15	15	11.4096	7.90223	6.28527	7.02777	13.5428	15	15	
2890	20.3458	12.9078	-1.82381	1.34138	-0.0297724	-0.139433	3.58591	0.333355	2.52161	3.33092	4.60746	5.21356	7.6697	15	15	15	10.6104	7.54362	6.08901	7.27175	15	15	15	
2900	20.3081	12.7657	-1.82648	1.50372	4.44488e-05	-0.000124932	0.0492278	-0.00328347	2.67721	3.54483	4.36645	5.30484	7.83288	15	15	15	10.4458	7.44925	6.02336	6.98741	14.787	15	15	
2910	20.27	12.62	-1.8265	1.50424	-3.79498e-06	7.45493e-07	0.000895289	0.000322488	2.82796	3.74455	4.21924	5.36948	7.9285	15	15	15	10.3617	7.38937	5.97501	6.62179	14.0124	15	15	
2920	20.2318	12.4744	-1.82652	1.50437	5.33607e-09	1.554e-08	0.00128377	-8.79042e-07	2.97871	3.94425	4.26998	5.43411	8.02408	15	15	15	10.2776	7.32952	5.92667	6.25629	13.2382	15	15	
2930	20.1937	12.3287	-1.82654	1.50449	3.74225e-09	6.04734e-10	0.00122858	-1.34036e-07	3.12946	4.14397	4.32071	5.49873	8.11966	15	15	15	10.1935	7.26968	5.87833	5.89092	12.4643	15	15	
2940	20.1556	12.183	-1.82656	1.50461	1.23883e-10	1.60574e-11	0.00117148	-4.55165e-09	3.28021	4.34369	4.37145	5.56335	8.21523	15	15	15	10.1095	7.20985	5.83001	5.52567	11.6908	15	15	
2950	20.1175	12.0373	-1.82658	1.50473	3.21321e-12	4.19893e-13	0.00111491	-1.5824e-10	3.43096	4.52207	4.42218	5.62797	8.31079	15	15	15	10.0255	7.15004	5.78169	5.16053	10.9177	15	15	
2960	20.0794	11.8917	-1.8266	1.50483	1.09524e-13	-3.91249e-15	0.00105832	-2.64233e-12	3.58171	4.20252	4.47291	5.69258	8.40634	15	15	15	9.94152	7.09024	5.73338	5.02387	10.145	15	15	
2970	20.0412	11.746	-1.82662	1.50494	5.82867e-14	3.07568e-14	0.00100173	-1.33227e-13	3.73246	3.8859	4.52364	5.75719	8.50188	15	15	15	9.85756	7.03045	5.68507	4.98157	9.37251	15	15	
2980	20.0031	11.6003	-1.82663	1.50503	5.92304e-14	-1.01294e-14	0.000945128	1.9984e-13	3.88321	3.92945	4.57437	5.8218	8.59742	15	15	15	9.77363	6.97068	5.63677	4.93927	8.60036	15	15	
2990	19.965	11.4546	-1.82665	1.50513	5.9508e-14	-1.03736e-14	0.000888526	1.88738e-13	4.03396	3.97301	4.6251	5.8864	8.69294	15	15	15	9.68973	6.91091	5.58848	4.89698	7.82849	15	15	
3000	19.9269	11.309	-1.82666	1.50521	5.72875e-14	-9.70759e-15	0.00083192	4.44089e-13	4.18471	4.01657	4.67583	5.95101	8.78846	15	15	15	9.60585	6.85116	5.5402	4.85469	7.05689	15	15	
3010	19.8887	11.1633	-1.82667	1.50529	5.76206e-14	3.079e-14	0.000775312	-1.27676e-13	4.33546	4.06012	4.72655	6.0156	8.88396	15	15	15	9.522	6.79142	5.49192	4.8124	6.28553	15	15	
3020	19.8506	11.0176	-1.82669	1.50537	5.73985e-14	-9.60687e-15	0.0007187	2.9976e-13	4.17132	4.10368	4.77727	6.08019	8.97945	15	15	15	9.43817	6.73169	5.44365	4.77012	5.5144	15	15	
3030	19.8125	10.8719	-1.8267	1.50543	5.91749e-14	-9.17059e-15	0.000662086	6.55032e-13	3.8018	4.14723	4.828	6.14478	9.07493	15	15	15	9.35436	6.67197	5.39538	4.72784	4.74347	15	15	
3040	19.7744	10.7263	-1.82671	1.5055	5.94524e-14	-9.98942e-15	0.000605469	9.4369e-14	3.84172	4.19078	4.87871	6.20937	9.1704	15	15	15	9.27058	6.61226	5.34712	4.68557	4.36445	15	15	
3050	19.7362	10.5806	-1.82672	1.50555	5.31242e-14	1.02882e-14	0.00054885	-5.82867e-13	3.88163	4.23434	4.92943	6.27394	9.26586	15	15	15	9.18681	6.55257	5.29887	4.6433	4.32508	15	15	
3060	19.6981	10.4349	-1.82673	1.50561	5.78981e-14	-1.14314e-14	0.000492229	1.66533e-14	3.92155	4.27789	4.98015	6.33852	9.3613	15	15	15	9.10307	6.49288	5.25062	4.60103	4.28572	15	15	
3070	19.66	10.2892	-1.82673	1.50565	5.88418e-14	-1.11024e-14	0.000435606	8.88178e-14	3.96146	4.32144	5.03086	6.40309	9.45672	15	15	15	9.01935	6.4332	5.20237	4.55877	4.24636	15	15	
3080	19.6219	10.1436	-1.82674	1.50569	5.83977e-14	-7.69823e-15	0.000378981	-5.55112e-15	4.00138	4.36499	5.08157	6.46765	9.55213	15	15	15	8.93565	6.37353	5.15414	4.51651	4.20701	15	15	
3090	19.5837	9.99788	-1.82675	1.50573	5.77316e-14	-9.94596e-15	0.000322355	-8.88178e-14	4.04129	4.40854	5.13228	6.53221	9.64753	15	15	15	8.85198	6.31387	5.10591	4.47425	4.16765	15	15	
3100	19.5456	9.85221	-1.82675	1.50576	5.89528e-14	-1.14074e-14	0.000265728	1.66533e-14	4.08121	4.45209	5.18298	6.59676	9.74291	15	15	15	8.76832	6.25423	5.05768	4.432	4.1283	15	15	
3110	19.5075	9.70653	-1.82675	1.50578	5.77316e-14	-1.08933e-14	0.0002091	2.77556e-14	4.12112	4.49563	5.23369	6.66131	9.83828	15	15	15	8.68468	6.19459	5.00946	4.38974	4.08894	4.01515	15	
3120	19.4694	9.56086	-1.82676	1.5058	5.82867e-14	-1.14361e-14	0.000152471	-2.22045e-14	4.16104	4.53918	5.28439	6.72585	9.93363	15	15	15	8.60106	6.13495	4.96124	4.3475	4.04959	3.97651	15	
3130	19.4312	9.41518	-1.82676	1.50581	5.35683e-14	1.12931e-14	9.58412e-05	-6.21725e-13	4.20095	4.58272	5.33508	6.79038	10.029	15	15	15	8.51745	6.07533	4.91303	4.30525	4.01025	3.93788	15	
3140	19.3931	9.26951	-1.82676	1.50582	5.88418e-14	-7.71126e-15	3.92112e-05	1.88738e-13	4.24087	4.62627	5.38578	6.85491	10.1243	15	15	15	8.43387	6.01572	4.86482	4.26301	3.9709	3.89924	15	
3150	19.355	9.12383	-1.82676	1.50582	5.91194e-14	-5.81914e-15	-1.74189e-05	1.60982e-13	4.28079	4.66981	5.43647	6.91943	10.2196	15	15	15	8.3503	5.95611	4.81662	4.22077	3.93156	3.86061	15	
3160	19.3169	8.97815	-1.82676	1.50581	5.93414e-14	-9.30573e-15	-7.4049e-05	-5.55112e-14	4.3207	4.71335	5.48716	6.98394	10.3148	15	15	15	8.26675	5.89651	4.76842	4.17853	3.89221	3.82197	3.94872	
3170	19.2787	8.83248	-1.82676	1.5058	5.92304e-14	-1.17032e-14	-0.000130679	1.38778e-13	4.36062	4.75689	5.53785	7.04845	10.4101	15	15	14.9361	8.18321	5.83692	4.72023	4.1363	3.85287	3.78334	3.9088	
3180	19.2406	8.6868	-1.82675	1.50579	5.92304e-14	-1.15588e-14	-0.000187308	8.32667e-14	4.40053	4.80043	5.58853	7.11295	10.5053	15	15	14.7837	8.0997	5.77734	4.67204	4.09407	3.81353	3.74471	3.86889	
3190	19.2025	8.54113	-1.82675	1.50576	5.66214e-14	3.08758e-14	-0.000243937	-2.83107e-13	4.44045	4.84397	5.63921	7.17744	10.6006	15	15	14.6314	8.01619	5.71776	4.62385	4.05184	3.77419	3.70608	3.82897	
3200	19.1644	8.39545	-1.82675	1.50574	5.88973e-14	-9.92209e-15	-0.000300564	2.05391e-13	4.48036	4.88751	5.68989	7.24192	10.6957	15	15	14.4792	7.9327	5.65819	4.57567	4.00961	3.73486	3.66745	3.78906	
3210	19.1263	8.24977	-1.82674	1.5057	5.76761e-14	-7.44483e-15	-0.000357191	1.27676e-13	4.52028	4.93105	5.74056	7.3064	10.7909	15	15	14.3269	7.84923	5.59863	4.52749	3.96739	3.69552	3.62882	3.74914	
3220	19.0881	8.1041	-1.82674	1.50566	5.80647e-14	-9.36606e-15	-0.000413816	-1.66533e-13	4.56019	4.97458	5.79123	7.37087	10.8861	15	15	14.1748	7.76576	5.53907	4.47932	3.92517	3.65619	3.59019	3.70923	
3230	19.05	7.95842	-1.82673	1.50562	5.95635e-14	-1.12351e-14	-0.00047044	1.44329e-13	4.60011	5.01811	5.84189	7.43533	10.9812	15	15	14.0226	7.68232	5.47952	4.43115	3.88295	3.61685	3.55156	3.66931	
3240	19.0119	7.81275	-1.82672	1.50557	5.70655e-14	1.21974e-14	-0.000527061	-6.10623e-14	4.64002	5.06164	5.89256	7.49978	11.0763	15	15	13.8706	7.59888	5.41998	4.38298	3.84073	3.57752	3.51293	3.6294	
3250	18.9738	7.66707	-1.82671	1.50551	5.88973e-14	9.85584e-15	-0.000583681	-4.44089e-14	4.67994	5.10518	5.94322	7.56422	11.1714	15	15	13.7185	7.51546	5.36044	4.33482	3.79852	3.53819	3.4743	3.58948	
3260	18.9356	7.5214	-1.8267	1.50545	5.92859e-14	-9.04885e-15	-0.000640299	1.44329e-13	4.71985	5.1487	5.99387	7.62866	11.2664	15	15	13.5665	7.43205	5.30091	4.28666	3.7563	3.49886	3.43568	3.54957	
3270	18.8975	7.37572	-1.82669	1.50539	5.87308e-14	-1.04007e-14	-0.000696914	1.66533e-14	4.75977	5.19223	6.04452	7.69308	11.3615	15	15	13.4145	7.34864	5.24138	4.2385	3.71409	3.45954	3.39705	3.50965	
3280	18.8594	7.23004	-1.82668	1.50531	5.86753e-14	-8.73828e-15	-0.000753527	1.11022e-14	4.79968	5.23576	6.09517	7.7575	11.4565	15	15	13.2626	7.26525	5.18186	4.19035	3.67188	3.42021	3.35843	3.46974	
3290	18.8213	7.08437	-1.82667	1.50523	5.91194e-14	1.23143e-14	-0.000810137	-2.22045e-14	4.8396	5.27928	6.14581	7.8219	11.5515	15	15	13.1107	7.18187	5.12234	4.14219	3.62967	3.38088	3.3198	3.42982	
3300	18.7831	6.93869	-1.82665	1.50515	6.02851e-14	1.09241e-14	-0.000866744	-2.22045e-14	4.87951	5.3228	6.19645	7.8863	11.6464	15	15	12.9589	7.0985	5.06283	4.09404	3.58747	3.34156	3.28118	3.3899	
3310	18.745	6.79302	-1.82664	1.50506	5.85643e-14	-1.03231e-14	-0.000923347	1.27676e-13	4.91943	5.36633	6.24708	7.95069	11.7414	15	15	12.807	7.01514	5.00332	4.0459	3.54526	3.30223	3.24255	3.34999	
3320	18.7069	6.64734	-1.82662	1.50496	5.85088e-14	-9.83954e-15	-0.000979947	-1.66533e-14	4.95935	5.40985	6.29771	8.01506	11.8363	15	15	12.6552	6.93179	4.94381	3.99775	3.50306	3.26291	3.20393	3.31007	
3330	18.6688	6.50167	-1.8266	1.50486	5.77316e-14	9.57735e-15	-0.00103654	-1.27676e-13	4.99926	5.45336	6.34834	8.07943	11.9311	15	15	12.5035	6.84845	4.88431	3.94961	3.46086	3.22359	3.16531	3.27016	
3340	18.6306	6.35599	-1.82659	1.50476	5.76761e-14	1.43662e-14	-0.00109314	7.21645e-14	5.03918	5.49688	6.39896	8.14379	12.026	15	15	12.3517	6.76511	4.82481	3.90147	3.41865	3.18427	3.12668	3.23024	
3350	18.5925	6.21031	-1.82657	1.50464	5.77316e-14	9.94676e-15	-0.00114972	-1.11022e-13	5.07909	5.54039	6.44958	8.20813	12.1208	15	15	12.2	6.68178	4.76532	3.85333	3.37645	3.14495	3.08806	3.19033	
