0.09 0 0 0 1 0.00447091 -0.010351 
0.09 0 0 0 1 -0.00871076 0.000965345 
0.09 0 0 0 1 -0.00782411 -0.0148126 
0.09 0 0 0 1 -0.00329913 -0.00647629 
0.09 0 0 0 1 -0.0106711 -0.0163265 
0.09 0 0 0 1 -0.0155816 -0.0278124 
0.09 0 0 0 1 -0.00839734 -0.0120874 
0.09 0 0 0 1 -0.00597228 -0.00690658 
0.09 0 0 0 1 0.0101561 0.000841694 
0.09 0 0 0 1 0.00131139 0.000919578 
0.09 0 0 0 1 0.0163567 -0.00881288 
0.09 0 0 0 1 0.0155828 0.00404538 
0.09 0 0 0 1 0.000250611 0.00325251 
0.09 0 0 0 1 -0.0111447 0.0148454 
0.09 0 0 0 1 -0.00111238 0.00840759 
0.09 0 0 0 1 -0.0166956 0.01267 
0.09 0 0 0 1 -0.00116331 0.00117415 
0.09 0 0 0 1 0.00308064 0.000189742 
0.09 0 0 0 1 0.0115878 -0.0128524 
0.09 0 0 0 1 -0.00111998 -0.0112858 
0.09 0 0 0 1 -0.0136499 -0.00272038 
0.09 0 0 0 1 -0.0123457 0.000588931 
0.09 0 0 0 1 -0.00921746 0.0135466 
0.09 0 0 0 1 -0.0163845 0.0231808 
0.09 0 0 0 1 -0.0285315 0.0172339 
0.09 0 0 0 1 -0.0266149 0.0122712 
0.09 0 0 0 1 -0.0364935 -0.000829648 
0.09 0 0 0 1 -0.0431558 -0.012045 
0.09 0 0 0 1 -0.0532162 -0.02215 
0.09 0 0 0 1 -0.0431716 -0.014596 
0.09 0 0 0 1 -0.0375654 -0.0267081 
0.09 0 0 0 1 -0.0425697 -0.0108765 
0.09 0 0 0 1 -0.0400028 -0.0092466 
0.09 0 0 0 1 -0.0220708 0.00624738 
0.09 0 0 0 1 -0.0159978 0.0116376 
0.09 0 0 0 1 -0.00268002 0.0174227 
0.09 0 0 0 1 -0.0180061 0.0199308 
0.09 0 0 0 1 -0.0269884 0.0226422 
0.09 0 0 0 1 -0.0109989 0.0132864 
0.09 0 0 0 1 -0.00201462 0.000626534 
0.09 0 0 0 1 -0.0107206 0.0143541 
0.09 0 0 0 1 -0.0248829 0.013228 
0.09 0 0 0 1 -0.00839766 0.0205279 
0.09 1 43 0 43 -0.0111564 0.00459613 
0.09 1 43 0 43 -0.0136492 0.0190178 
0.09 1 43 0 43 -0.0272522 0.0319059 
0.09 1 43 0 43 -0.00874939 0.0248909 
0.09 1 43 0 43 -0.0217335 0.0276129 
0.09 1 43 0 43 -0.0188816 0.0253042 
0.09 1 43 0 43 -0.0197194 0.0201723 
0.09 1 43 0 43 -0.00626053 0.0191227 
0.09 0.843137 43 8 51 0.00235268 0.00754436 
0.09 0.843137 43 8 51 -0.0105106 0.00427517 
0.09 0.843137 43 8 51 -0.0066523 0.0179251 
0.09 0.843137 43 8 51 -0.021593 0.018637 
0.09 0.843137 43 8 51 -0.018878 0.00104081 
0.09 0.843137 43 8 51 -0.0143174 -0.0102544 
0.09 0.843137 43 8 51 -0.0193722 -0.0149665 
0.09 0.843137 43 8 51 -0.019459 -0.0100242 
0.09 0.843137 43 8 51 -0.00598263 -0.0164981 
0.09 0.843137 43 8 51 -0.00504882 -0.00314988 
0.09 0.843137 43 8 51 -0.00245967 -0.00735971 
0.09 0.843137 43 8 51 0.0127373 0.00517308 
0.09 0.843137 43 8 51 0.0144176 0.00800623 
0.09 0.843137 43 8 51 0.0254192 0.00664139 
0.09 0.843137 43 8 51 0.0328118 0.0106013 
0.09 0.843137 43 8 51 0.0176047 0.00262404 
0.09 0.843137 43 8 51 0.0110505 -0.013015 
0.09 0.843137 43 8 51 0.0143618 -0.0116725 
0.09 0.843137 43 8 51 0.0250805 -0.0227345 
0.09 0.843137 43 8 51 0.0243013 -0.0292917 
0.09 0.843137 43 8 51 0.0262069 -0.0238264 
0.09 0.843137 43 8 51 0.029259 -0.0323769 
0.09 0.843137 43 8 51 0.0324821 -0.040122 
0.09 0.843137 43 8 51 0.0318642 -0.0281719 
0.09 0.843137 43 8 51 0.0245715 -0.0384273 
0.09 0.843137 43 8 51 0.023581 -0.0364055 
0.09 0.843137 43 8 51 0.0101806 -0.0217492 
0.09 0.843137 43 8 51 0.0243286 -0.00757688 
0.09 0.843137 43 8 51 0.00807557 0.00674185 
0.09 0.843137 43 8 51 -0.00236767 -0.00943337 
0.09 0.843137 43 8 51 -0.00607918 -0.0138379 
0.09 0.843137 43 8 51 0.00641967 -0.0221148 
0.09 0.843137 43 8 51 0.0121957 -0.0161932 
0.09 0.843137 43 8 51 0.0248442 -0.0294676 
0.09 0.843137 43 8 51 0.0352931 -0.0274508 
0.09 0.843137 43 8 51 0.0322652 -0.0211391 
0.09 0.843137 43 8 51 0.042686 -0.00520855 
0.09 0.843137 43 8 51 0.0385873 -0.0165245 
0.09 0.843137 43 8 51 0.0339045 -0.00164834 
0.09 0.843137 43 8 51 0.0182862 -0.00537927 
0.09 0.833333 40 8 48 0.0201747 0.00684501 
0.09 0.833333 40 8 48 0.0143564 0.00853129 
0.09 0.833333 40 8 48 -0.00107506 0.0227218 
0.09 0.833333 40 8 48 -0.012679 0.0278597 
0.09 0.833333 40 8 48 -0.0238854 0.0268256 
0.09 0.833333 40 8 48 -0.0133188 0.0279688 
0.09 0.833333 40 8 48 -0.00984608 0.0380209 
0.09 0.851064 40 7 47 0.00215676 0.0476022 
0.09 0.851064 40 7 47 -0.000796107 0.0554136 
0.09 0.851064 40 7 47 0.00516851 0.0591982 
0.09 0.851064 40 7 47 -0.00936052 0.0397638 
0.09 0.851064 40 7 47 -0.0166742 0.0259823 
0.09 0.851064 40 7 47 -0.0174508 0.0360445 
0.09 0.851064 40 7 47 -0.0261464 0.0336482 
0.09 0.851064 40 7 47 -0.0220657 0.0376716 
0.09 0.851064 40 7 47 -0.0124075 0.0363711 
0.09 0.851064 40 7 47 -0.00620196 0.0318915 
0.09 0.851064 40 7 47 -0.010025 0.0215512 
0.09 0.851064 40 7 47 0.000680277 0.0169665 
0.09 0.851064 40 7 47 0.00774385 0.00382609 
0.09 0.851064 40 7 47 0.00944209 -0.00508344 
0.09 0.851064 40 7 47 -0.0015969 -0.0105072 
0.09 0.851064 40 7 47 -0.0158622 -0.00676759 
0.09 0.851064 40 7 47 -0.0223201 -0.0208735 
0.09 0.851064 40 7 47 -0.0219005 -0.010324 
0.09 0.851064 40 7 47 -0.0305541 -0.00523634 
0.09 0.851064 40 7 47 -0.0332177 -0.00324158 
0.09 0.851064 40 7 47 -0.0263627 0.00448926 
0.09 0.851064 40 7 47 -0.0187797 -0.0112934 
0.09 0.851064 40 7 47 -0.0161508 -0.00707185 
0.09 0.851064 40 7 47 -0.00821822 0.00868515 
0.09 0.851064 40 7 47 -0.0082827 -0.00309753 
0.09 0.851064 40 7 47 -0.015549 -0.00209489 
0.09 0.851064 40 7 47 -0.025293 -0.00969775 
0.09 0.851064 40 7 47 -0.0205859 -0.00275227 
0.09 0.851064 40 7 47 -0.0321833 -0.0158897 
0.09 0.851064 40 7 47 -0.0288033 0.000209229 
0.09 0.851064 40 7 47 -0.0366543 -0.000719266 
0.09 0.851064 40 7 47 -0.0407025 -0.0150182 
0.09 0.851064 40 7 47 -0.0425121 -0.00710298 
0.09 0.851064 40 7 47 -0.0486766 -2.00836e-05 
0.09 0.851064 40 7 47 -0.0337279 0.00943579 
0.09 0.851064 40 7 47 -0.0414203 -0.000683353 
0.09 0.851064 40 7 47 -0.0323346 -9.15002e-05 
0.09 0.851064 40 7 47 -0.0325184 -0.0129967 
0.09 0.851064 40 7 47 -0.0349614 -0.0185634 
0.09 0.851064 40 7 47 -0.0238088 -0.0250626 
0.09 0.851064 40 7 47 -0.019172 -0.0114114 
0.09 0.851064 40 7 47 -0.0110047 0.00130576 
0.09 0.851064 40 7 47 -0.0198143 0.00990024 
0.09 0.851064 40 7 47 -0.014152 0.00209314 
0.09 0.851064 40 7 47 0.00213108 0.0115189 
0.09 0.851064 40 7 47 0.0062151 0.00378121 
0.09 0.851064 40 7 47 -0.00692542 0.00882926 
0.09 0.851064 40 7 47 -0.0140568 0.00101355 
0.09 0.833333 40 8 48 -0.00524537 -0.010974 
0.09 0.833333 40 8 48 -0.0147084 -0.00206316 
0.09 0.833333 40 8 48 -0.00274077 0.0115638 
0.09 0.833333 40 8 48 0.00178943 0.025415 
0.09 0.833333 40 8 48 -0.0115064 0.0309264 
0.09 0.833333 40 8 48 -0.0212875 0.0389917 
0.09 0.833333 40 8 48 -0.022613 0.0356499 
0.09 0.833333 40 8 48 -0.0338937 0.0378956 
0.09 0.833333 40 8 48 -0.0302964 0.0353141 
0.09 0.833333 40 8 48 -0.0194607 0.0403311 
0.09 0.833333 40 8 48 -0.0211787 0.0284651 
0.09 0.833333 40 8 48 -0.0244203 0.0404153 
0.09 0.833333 40 8 48 -0.0227377 0.0334462 
0.09 0.833333 40 8 48 -0.0325685 0.044604 
0.09 0.833333 40 8 48 -0.0135273 0.051185 
0.09 0.833333 40 8 48 -0.0232984 0.0336174 
0.09 0.833333 40 8 48 -0.025852 0.0170403 
0.09 0.833333 40 8 48 -0.0294247 0.0156932 
0.09 0.833333 40 8 48 -0.0123684 0.0261343 
0.09 0.833333 40 8 48 -0.0125188 0.0246666 
0.09 0.833333 40 8 48 -0.0172275 0.0344497 
0.09 0.833333 40 8 48 -0.0265636 0.0208402 
0.09 0.833333 40 8 48 -0.0287889 0.0337486 
0.09 0.833333 40 8 48 -0.0362216 0.0255108 
0.09 0.833333 40 8 48 -0.0309245 0.0331154 
0.09 0.833333 40 8 48 -0.0162785 0.0241801 
0.09 0.833333 40 8 48 -0.0195796 0.00872071 
0.09 0.833333 40 8 48 -0.0253228 0.00829349 
0.09 0.833333 40 8 48 -0.0294553 0.00469914 
0.09 0.833333 40 8 48 -0.0177233 -0.000566997 
0.09 0.833333 40 8 48 -0.0298549 -0.00506613 
0.09 0.833333 40 8 48 -0.0182903 0.00585378 
0.09 0.833333 40 8 48 -0.0100081 -0.0031081 
0.09 0.833333 40 8 48 -0.0135184 0.000950623 
0.09 0.833333 40 8 48 -0.0187813 -0.00822693 
0.09 0.833333 40 8 48 -0.0274778 -0.012208 
0.09 0.833333 40 8 48 -0.0273368 -0.0215682 
0.09 0.833333 40 8 48 -0.0389164 -0.0210779 
0.09 0.833333 40 8 48 -0.0417429 -0.0346772 
0.09 0.833333 40 8 48 -0.0362166 -0.0219897 
0.09 0.833333 40 8 48 -0.0342101 -0.0162422 
0.09 0.833333 40 8 48 -0.0277967 -0.0125937 
0.09 0.833333 40 8 48 -0.0150135 -0.0180675 
0.09 0.833333 40 8 48 -0.00685936 -0.0156872 
0.09 0.833333 40 8 48 -0.00911459 0.00108371 
0.09 0.833333 40 8 48 -0.00735544 -0.00416684 
0.09 0.833333 40 8 48 -0.00209944 -0.00713702 
0.09 0.851064 40 7 47 0.0134792 -0.00399145 
0.09 0.851064 40 7 47 0.0270259 -0.000966256 
0.09 0.851064 40 7 47 0.0138855 -0.0122106 
0.09 0.851064 40 7 47 0.0143322 -0.00903839 
0.09 0.851064 40 7 47 0.00502261 0.00390361 
0.09 0.851064 40 7 47 0.00705648 -0.01045 
0.09 0.851064 40 7 47 -0.00578686 -0.0101673 
0.09 0.851064 40 7 47 -0.0194481 -0.0187918 
0.09 0.851064 40 7 47 -0.0165754 -0.00975012 
0.09 0.851064 40 7 47 -0.0105322 -0.0205981 
0.09 0.851064 40 7 47 -0.0140581 -0.00753582 
0.09 0.851064 40 7 47 -0.00440924 -0.0126744 
0.09 0.851064 40 7 47 -0.00596805 -0.00395988 
0.09 0.851064 40 7 47 -0.00660132 -0.0143938 
0.09 0.851064 40 7 47 -0.0102143 0.00177525 
0.09 0.851064 40 7 47 0.00429999 -0.00403024 
0.09 0.851064 40 7 47 -0.00590539 0.0053996 
0.09 0.851064 40 7 47 -0.001064 0.00888387 
0.09 0.851064 40 7 47 -0.00659825 0.0081251 
0.09 0.851064 40 7 47 -0.0191137 0.00977628 
0.09 0.851064 40 7 47 -0.0169663 0.0140584 
0.09 0.851064 40 7 47 -0.0167531 0.0277913 
0.09 0.851064 40 7 47 -0.0234249 0.0268097 
0.09 0.851064 40 7 47 -0.0226263 0.0104435 
0.09 0.851064 40 7 47 -0.0167154 -0.00632875 
0.09 0.851064 40 7 47 -0.0119741 0.00457188 
0.09 0.851064 40 7 47 -0.0188015 0.0171707 
0.09 0.851064 40 7 47 -0.014988 0.0217677 
0.09 0.851064 40 7 47 -0.00347149 0.0182091 
0.09 0.851064 40 7 47 -0.0105052 0.022483 
0.09 0.851064 40 7 47 -0.00915721 0.0189909 
0.09 0.851064 40 7 47 0.00341668 0.012573 
0.09 0.851064 40 7 47 0.00284827 0.00655404 
0.09 0.851064 40 7 47 0.00453321 0.0129226 
0.09 0.851064 40 7 47 -0.00789429 0.00716479 
0.09 0.851064 40 7 47 -0.0128373 0.0175784 
0.09 0.851064 40 7 47 -0.020751 0.019897 
0.09 0.851064 40 7 47 -0.0342928 0.0280572 
0.09 0.851064 40 7 47 -0.0383254 0.0123863 
0.09 0.851064 40 7 47 -0.0480106 0.00744479 
0.09 0.851064 40 7 47 -0.0396482 0.00774643 
0.09 0.851064 40 7 47 -0.0282128 0.0165059 
0.09 0.851064 40 7 47 -0.0306584 0.00488294 
0.09 0.851064 40 7 47 -0.0154402 0.017434 
0.09 0.851064 40 7 47 -0.0256803 0.0130126 
0.09 0.851064 40 7 47 -0.0364865 0.025183 
0.09 0.851064 40 7 47 -0.0444627 0.010253 
0.09 0.851064 40 7 47 -0.0265377 -0.00236387 
0.09 0.833333 40 8 48 -0.0378915 0.011492 
0.09 0.833333 40 8 48 -0.0218383 -0.00174199 
0.09 0.833333 40 8 48 -0.0251 0.0121597 
0.09 0.833333 40 8 48 -0.0320538 0.00600061 
0.09 0.833333 40 8 48 -0.0263031 -0.00412541 
0.09 0.833333 40 8 48 -0.0293031 0.00636546 
0.09 0.833333 40 8 48 -0.033738 0.000384347 
0.09 0.833333 40 8 48 -0.0445743 0.00343288 
0.09 0.833333 40 8 48 -0.0468122 0.00686073 
0.09 0.833333 40 8 48 -0.045468 -0.00622419 
0.09 0.833333 40 8 48 -0.027475 0.00384007 
0.09 0.833333 40 8 48 -0.0189669 0.0184292 
0.09 0.833333 40 8 48 -0.0217843 0.0240774 
0.09 0.833333 40 8 48 -0.0339272 0.0134137 
0.09 0.833333 40 8 48 -0.0396487 0.0110941 
0.09 0.833333 40 8 48 -0.0499415 0.0149352 
0.09 0.833333 40 8 48 -0.0565647 0.0269734 
0.09 0.833333 40 8 48 -0.059548 0.0146253 
0.09 0.833333 40 8 48 -0.0660107 0.00863225 
0.09 0.833333 40 8 48 -0.046337 0.0177671 
0.09 0.833333 40 8 48 -0.0553243 0.0227172 
0.09 0.833333 40 8 48 -0.0387502 0.0114988 
0.09 0.833333 40 8 48 -0.0469697 0.0163504 
0.09 0.833333 40 8 48 -0.0456494 0.028462 
0.09 0.833333 40 8 48 -0.0279314 0.0157458 
0.09 0.833333 40 8 48 -0.0280778 0.0148247 
0.09 0.833333 40 8 48 -0.0304245 0.024243 
0.09 0.833333 40 8 48 -0.0166375 0.0165346 
0.09 0.833333 40 8 48 -0.0296411 0.0121962 
0.09 0.833333 40 8 48 -0.0297823 0.0132981 
0.09 0.833333 40 8 48 -0.0111141 0.0104483 
0.09 0.833333 40 8 48 -0.0118606 -0.00230797 
0.09 0.833333 40 8 48 -0.0184512 0.00127766 
0.09 0.833333 40 8 48 -0.00943246 -0.00235259 
0.09 0.833333 40 8 48 -0.00121798 -0.0038402 
0.09 0.833333 40 8 48 0.000339754 0.00519734 
0.09 0.833333 40 8 48 0.0135894 0.00781905 
0.09 0.833333 40 8 48 0.0158056 -0.000488984 
0.09 0.833333 40 8 48 0.0285138 -0.0102356 
0.09 0.829787 39 8 47 0.0197445 -0.00637088 
0.09 0.829787 39 8 47 0.00994288 -0.00769111 
0.09 0.829787 39 8 47 0.0171401 -0.0148063 
0.09 0.829787 39 8 47 0.0199847 -0.0185188 
0.09 0.829787 39 8 47 0.0327579 -0.0168036 
0.09 0.829787 39 8 47 0.0361032 -0.00471954 
0.09 0.829787 39 8 47 0.042395 -0.0037203 
0.09 0.829787 39 8 47 0.0407677 0.00363212 
0.09 0.829787 39 8 47 0.0395975 -0.00747805 
0.09 0.829787 39 8 47 0.0235741 0.00548468 
0.09 0.829787 39 8 47 0.0196022 -0.00106367 
0.09 0.829787 39 8 47 0.0177587 -0.00164764 
0.09 0.829787 39 8 47 0.00465988 -0.00453945 
0.09 0.829787 39 8 47 0.00573016 0.00695906 
0.09 0.829787 39 8 47 0.0172674 -0.0093679 
0.09 0.829787 39 8 47 0.0311218 -0.0090692 
0.09 0.829787 39 8 47 0.0147443 -0.00612427 
0.09 0.829787 39 8 47 0.0113945 -0.00871313 
0.09 0.829787 39 8 47 0.0203833 -0.0207005 
0.09 0.829787 39 8 47 0.0317154 -0.0218631 
0.09 0.829787 39 8 47 0.0391621 -0.00691717 
0.09 0.829787 39 8 47 0.0300786 0.00304364 
0.09 0.829787 39 8 47 0.0265528 0.00123466 
0.09 0.829787 39 8 47 0.0114988 0.0156583 
0.09 0.829787 39 8 47 -0.00303698 0.025002 
0.09 0.829787 39 8 47 0.00165125 0.0160315 
0.09 0.829787 39 8 47 0.00403816 0.0159612 
0.09 0.829787 39 8 47 0.00196844 0.0121736 
0.09 0.829787 39 8 47 0.00654406 -0.00418692 
0.09 0.829787 39 8 47 -0.00306962 -0.0110186 
0.09 0.829787 39 8 47 0.00662524 -0.0121705 
0.09 0.829787 39 8 47 -0.00243735 0.00346566 
0.09 0.829787 39 8 47 0.0104123 0.0071661 
0.09 0.829787 39 8 47 0.00423671 0.0189674 
0.09 0.829787 39 8 47 0.00894396 0.0177158 
0.09 0.829787 39 8 47 0.00739209 0.00592544 
0.09 0.829787 39 8 47 0.0211981 0.0075395 
0.09 0.829787 39 8 47 0.0139128 0.0113087 
0.09 0.829787 39 8 47 0.0105235 0.00317552 
0.09 0.829787 39 8 47 -0.00466132 0.00234439 
0.09 0.829787 39 8 47 -0.000154799 -0.00627319 
0.09 0.829787 39 8 47 0.00528812 -0.00323261 
0.09 0.829787 39 8 47 0.0199974 0.00264947 
0.09 0.829787 39 8 47 0.0085475 -0.00743496 
0.09 0.829787 39 8 47 0.000227289 -0.00602171 
0.09 0.829787 39 8 47 0.000466541 -0.0202737 
0.09 0.829787 39 8 47 -0.00138302 -0.0220938 
0.09 0.829787 39 8 47 -0.00152407 -0.0202973 
0.09 0.833333 40 8 48 -0.00789358 -0.0053283 
0.09 0.833333 40 8 48 0.00139736 -0.00700693 
0.09 0.833333 40 8 48 0.0157103 -0.0153904 
0.09 0.833333 40 8 48 0.0162662 -0.0294453 
0.09 0.833333 40 8 48 0.0248262 -0.0116773 
0.09 0.833333 40 8 48 0.0269257 0.000752722 
0.09 0.833333 40 8 48 0.0247044 -0.00908368 
0.09 0.851064 40 7 47 0.0115154 -0.00208598 
0.09 0.851064 40 7 47 0.025345 0.00373868 
0.09 0.851064 40 7 47 0.036205 0.00203602 
0.09 0.851064 40 7 47 0.0345386 0.0156449 
0.09 0.851064 40 7 47 0.0366613 0.00573114 
0.09 0.851064 40 7 47 0.0377871 -0.000234679 
0.09 0.851064 40 7 47 0.0215485 0.0149221 
0.09 0.851064 40 7 47 0.0319895 0.0236516 
0.09 0.851064 40 7 47 0.0227679 0.0127592 
0.09 0.851064 40 7 47 0.0213968 0.0151569 
0.09 0.851064 40 7 47 0.0100324 0.0125223 
0.09 0.851064 40 7 47 0.0235218 0.0123827 
0.09 0.851064 40 7 47 0.00834289 0.00180573 
0.09 0.851064 40 7 47 -0.000613552 0.00726851 
0.09 0.851064 40 7 47 -0.00599985 0.0131052 
0.09 0.851064 40 7 47 -0.00276539 -0.00288801 
0.09 0.851064 40 7 47 -0.00351015 0.00936993 
0.09 0.851064 40 7 47 0.0110433 0.0096922 
0.09 0.851064 40 7 47 0.0108852 -0.00437668 
0.09 0.851064 40 7 47 0.0252581 -0.0155936 
0.09 0.851064 40 7 47 0.0367187 -0.0202292 
0.09 0.851064 40 7 47 0.0359961 -0.0225952 
0.09 0.851064 40 7 47 0.0282375 -0.0278822 
0.09 0.851064 40 7 47 0.0325075 -0.0116581 
0.09 0.851064 40 7 47 0.0211348 -0.0247457 
0.09 0.851064 40 7 47 0.0200943 -0.0258913 
0.09 0.851064 40 7 47 0.0144207 -0.01941 
0.09 0.851064 40 7 47 -0.000798132 -0.0189761 
0.09 0.851064 40 7 47 0.00926225 -0.0261044 
0.09 0.851064 40 7 47 0.00507876 -0.0305283 
0.09 0.851064 40 7 47 -0.00340142 -0.028703 
0.09 0.851064 40 7 47 -0.00488325 -0.0188012 
0.09 0.851064 40 7 47 0.00971672 -0.00498039 
0.09 0.851064 40 7 47 0.00473518 0.0052688 
0.09 0.851064 40 7 47 0.0141155 0.00828031 
0.09 0.851064 40 7 47 0.00424049 -0.00237492 
0.09 0.851064 40 7 47 0.0149618 -0.0018122 
0.09 0.851064 40 7 47 0.0135292 -0.00219417 
0.09 0.851064 40 7 47 0.00296751 0.00484681 
0.09 0.851064 40 7 47 0.000127863 0.00198926 
0.09 0.851064 40 7 47 0.0156527 -0.013194 
0.09 0.851064 40 7 47 0.025452 -0.00364852 
0.09 0.851064 40 7 47 0.0169053 -0.00968721 
0.09 0.851064 40 7 47 0.0140485 -0.0123272 
0.09 0.851064 40 7 47 0.0131504 -0.0148722 
0.09 0.851064 40 7 47 0.026695 0.00230579 
0.09 0.851064 40 7 47 0.0170875 0.00510968 
0.09 0.851064 40 7 47 0.0294842 -0.00454068 
0.09 0.833333 40 8 48 0.0190976 -0.0176842 
0.09 0.833333 40 8 48 0.007655 -0.0295167 
0.09 0.833333 40 8 48 0.013433 -0.028266 
0.09 0.833333 40 8 48 0.010046 -0.0116941 
0.09 0.833333 40 8 48 0.0219551 -0.0119115 
0.09 0.833333 40 8 48 0.0147947 0.00426908 
0.09 0.833333 40 8 48 0.0219556 0.00546264 
0.09 0.833333 40 8 48 0.0143684 0.0159685 
0.09 0.833333 40 8 48 0.0256078 0.0167194 
0.09 0.833333 40 8 48 0.0118074 0.00860043 
0.09 0.833333 40 8 48 0.00251247 -0.00280311 
0.09 0.833333 40 8 48 -0.00218693 -0.00210136 
0.09 0.833333 40 8 48 0.00376838 0.0132589 
0.09 0.833333 40 8 48 0.0180694 0.0157478 
0.09 0.833333 40 8 48 0.0188048 0.0162988 
0.09 0.833333 40 8 48 0.0272824 0.0165656 
0.09 0.833333 40 8 48 0.0137132 0.00630099 
0.09 0.833333 40 8 48 0.0100969 0.0015555 
0.09 0.833333 40 8 48 0.00526906 0.00667597 
0.09 0.833333 40 8 48 0.00857018 0.00740705 
0.09 0.833333 40 8 48 0.0191607 0.0162743 
0.09 0.833333 40 8 48 0.0155786 0.0147487 
0.09 0.833333 40 8 48 0.011528 0.023285 
0.09 0.833333 40 8 48 0.0107866 0.00606898 
0.09 0.833333 40 8 48 0.00436077 0.0101021 
0.09 0.833333 40 8 48 0.00737734 0.0185333 
0.09 0.833333 40 8 48 -0.00706347 0.00479259 
0.09 0.833333 40 8 48 -0.0132017 -0.0112398 
0.09 0.833333 40 8 48 -0.022721 0.00469807 
0.09 0.833333 40 8 48 -0.015821 -0.00677868 
0.09 0.833333 40 8 48 -0.0174388 -0.00283523 
0.09 0.833333 40 8 48 -0.00835344 -0.00120655 
0.09 0.833333 40 8 48 0.00535975 0.00556765 
0.09 0.833333 40 8 48 -0.00127187 0.00343142 
0.09 0.833333 40 8 48 -0.00112724 -0.00983818 
0.09 0.833333 40 8 48 0.00625584 -0.0185073 
0.09 0.833333 40 8 48 0.00741181 -0.00640944 
0.09 0.833333 40 8 48 0.0136261 -0.0185949 
0.09 0.833333 40 8 48 0.0124406 -0.027771 
0.09 0.833333 40 8 48 -0.00251642 -0.0270058 
0.09 0.833333 40 8 48 -0.00601366 -0.0229281 
0.09 0.833333 40 8 48 -0.0192383 -0.0305612 
0.09 0.833333 40 8 48 -0.0142178 -0.0396059 
0.09 0.833333 40 8 48 0.00248837 -0.0286434 
0.09 0.833333 40 8 48 -0.00421533 -0.0112195 
0.09 0.833333 40 8 48 -0.015172 -0.00319246 
0.09 0.833333 40 8 48 0.000663936 -0.0175141 
0.09 0.851064 40 7 47 0.0150484 -0.0211628 
0.09 0.851064 40 7 47 0.0118403 -0.0187996 
0.09 0.851064 40 7 47 0.00343819 -0.00536714 
0.09 0.851064 40 7 47 0.00975287 -0.00460247 
0.09 0.851064 40 7 47 0.00844677 -0.00720583 
0.09 0.851064 40 7 47 0.0077366 -0.00911999 
0.09 0.851064 40 7 47 0.0146269 -0.00482233 
0.09 0.851064 40 7 47 0.0117235 -0.00999163 
0.09 0.851064 40 7 47 0.00751217 0.00169685 
0.09 0.851064 40 7 47 0.00627911 0.0115143 
0.09 0.851064 40 7 47 0.0193806 0.00987607 
0.09 0.851064 40 7 47 0.0118995 0.00559774 
0.09 0.851064 40 7 47 0.00743403 0.0146702 
0.09 0.851064 40 7 47 -0.00620448 0.026319 
0.09 0.851064 40 7 47 -0.0162147 0.0155241 
0.09 0.851064 40 7 47 -0.00371572 0.0194388 
0.09 0.851064 40 7 47 -0.00657786 0.0249869 
0.09 0.851064 40 7 47 -0.00392241 0.0266388 
0.09 0.851064 40 7 47 -0.0135388 0.0233123 
0.09 0.851064 40 7 47 -0.00421917 0.0230139 
0.09 0.851064 40 7 47 -0.000118995 0.0225302 
0.09 0.851064 40 7 47 0.00639814 0.00776009 
0.09 0.851064 40 7 47 -0.00152953 -0.00197752 
0.09 0.851064 40 7 47 0.00345133 -0.0162179 
0.09 0.851064 40 7 47 0.018788 -0.00619737 
0.09 0.851064 40 7 47 0.0124923 0.00289629 
0.09 0.851064 40 7 47 0.0213685 0.00100983 
0.09 0.851064 40 7 47 0.0054634 0.00630349 
0.09 0.851064 40 7 47 -0.00438214 0.0143391 
0.09 0.851064 40 7 47 0.00577603 -0.00112051 
0.09 0.851064 40 7 47 0.00240722 -0.00548694 
0.09 0.851064 40 7 47 0.00307095 0.00103231 
0.09 0.851064 40 7 47 -0.00663886 0.00232224 
0.09 0.851064 40 7 47 0.00128977 -0.00259945 
0.09 0.851064 40 7 47 -0.00446625 0.00833488 
0.09 0.851064 40 7 47 0.00486184 0.0177806 
0.09 0.851064 40 7 47 0.0154156 0.00461092 
0.09 0.851064 40 7 47 0.00448871 0.00406871 
0.09 0.851064 40 7 47 0.00788847 0.000468288 
0.09 0.851064 40 7 47 0.0110594 0.00326622 
0.09 0.851064 40 7 47 -0.00385255 -0.00335468 
0.09 0.851064 40 7 47 0.00706161 -0.0170133 
0.09 0.851064 40 7 47 -0.00774157 -0.0210902 
0.09 0.851064 40 7 47 -0.0211514 -0.013222 
0.09 0.851064 40 7 47 -0.019744 -0.0113714 
0.09 0.851064 40 7 47 -0.0152141 -0.00974425 
0.09 0.851064 40 7 47 -0.02694 -0.0216705 
0.09 0.851064 40 7 47 -0.0293574 -0.0171836 
0.09 0.833333 40 8 48 -0.0222069 -0.0194974 
0.09 0.833333 40 8 48 -0.0346402 -0.00850523 
0.09 0.833333 40 8 48 -0.0263946 0.00573627 
0.09 0.833333 40 8 48 -0.0283717 0.00442858 
0.09 0.833333 40 8 48 -0.031383 -0.00740841 
0.09 0.833333 40 8 48 -0.0163707 0.000748057 
0.09 0.833333 40 8 48 -0.0156689 0.0139402 
0.09 0.833333 40 8 48 -0.0292614 0.0183037 
0.09 0.833333 40 8 48 -0.0190572 0.0221305 
0.09 0.833333 40 8 48 -0.0325128 0.0323222 
0.09 0.833333 40 8 48 -0.0199661 0.0191503 
0.09 0.833333 40 8 48 -0.00382284 0.0229465 
0.09 0.833333 40 8 48 0.00854812 0.0281573 
0.09 0.833333 40 8 48 0.00866581 0.015514 
0.09 0.833333 40 8 48 -0.0066621 0.0229226 
0.09 0.833333 40 8 48 -0.00435309 0.0237332 
0.09 0.833333 40 8 48 0.000269018 0.0256474 
0.09 0.833333 40 8 48 0.00797489 0.0177166 
0.09 0.833333 40 8 48 0.018377 0.0250489 
0.09 0.833333 40 8 48 0.0194042 0.0131565 
0.09 0.833333 40 8 48 0.0246516 0.00109237 
0.09 0.833333 40 8 48 0.0370357 -0.00243766 
0.09 0.833333 40 8 48 0.033943 -0.00771755 
0.09 0.833333 40 8 48 0.043055 -0.0174755 
0.09 0.833333 40 8 48 0.0270933 -0.0250275 
0.09 0.833333 40 8 48 0.0195527 -0.0280306 
0.09 0.833333 40 8 48 0.00586438 -0.0245022 
0.09 0.833333 40 8 48 -0.00166607 -0.0279116 
0.09 0.833333 40 8 48 0.0137188 -0.0299569 
0.09 0.833333 40 8 48 0.0231868 -0.0324134 
0.09 0.833333 40 8 48 0.0100052 -0.0205983 
0.09 0.833333 40 8 48 -0.00625685 -0.0240685 
0.09 0.833333 40 8 48 -0.00250122 -0.0358048 
0.09 0.833333 40 8 48 0.0119183 -0.0340554 
0.09 0.833333 40 8 48 0.0150994 -0.028701 
0.09 0.833333 40 8 48 -0.00188404 -0.0189977 
0.09 0.833333 40 8 48 0.0114232 -0.0103368 
0.09 0.833333 40 8 48 0.0220147 -0.013471 
0.09 0.833333 40 8 48 0.0223206 -0.0139619 
0.09 0.829787 39 8 47 0.0295666 0.00263592 
0.09 0.829787 39 8 47 0.0417884 0.0180435 
0.09 0.829787 39 8 47 0.0222551 0.00517432 
0.09 0.829787 39 8 47 0.0265966 -0.00148329 
0.09 0.829787 39 8 47 0.0336869 -0.00351275 
0.09 0.829787 39 8 47 0.0189768 -0.00969769 
0.09 0.829787 39 8 47 0.0122354 -0.0137611 
0.09 0.829787 39 8 47 0.00252004 -0.017806 
0.09 0.829787 39 8 47 0.012551 -0.0112976 
0.09 0.829787 39 8 47 0.0230004 -0.0186908 
0.09 0.829787 39 8 47 0.0318548 -0.0241389 
0.09 0.829787 39 8 47 0.0384508 -0.0266218 
0.09 0.829787 39 8 47 0.0361591 -0.0256067 
