-0.5005 -35.035 -0.0835 -5.01 0.3575 25.025 -0.5005 -35.035 -0.0835 -5.01 0.3575 25.025 
-0.5005 -35.035 -0.0835 -5.01 0.3575 25.025 -0.5005 -35.035 -0.0835 -5.01 0.3575 25.025 
-0.13358 -9.35057 -0.0835 -5.01 0.3575 25.025 -0.5005 -35.035 -0.0835 -5.01 0.3575 25.025 
-0.867576 -60.7303 -0.0835 -5.01 0.3575 25.025 -0.5005 -35.035 -0.0835 -5.01 0.3575 25.025 
-0.783965 -54.8775 -0.0835 -5.01 0.3575 25.025 -0.5005 -35.035 -0.0835 -5.01 0.3575 25.025 
-0.144386 -10.107 -0.0835 -5.01 0.3575 25.025 -0.5005 -35.035 -0.0835 -5.01 0.3575 25.025 
-0.144386 -10.107 -0.0835 -5.01 0.3575 25.025 -0.5005 -35.035 -0.0835 -5.01 0.3575 25.025 
-0.144386 -10.107 -0.0835 -5.01 0.3575 25.025 -0.5005 -35.035 -0.0835 -5.01 0.3575 25.025 
-0.144386 -10.107 -0.0835 -5.01 0.3575 25.025 -0.5005 -35.035 -0.0835 -5.01 0.3575 25.025 
-0.144386 -10.107 -0.0835 -5.01 0.3575 25.025 -0.5005 -35.035 -0.0835 -5.01 0.3575 25.025 
-0.144386 -10.107 -0.0835 -5.01 0.3575 25.025 -0.5005 -35.035 -0.0835 -5.01 0.3575 25.025 
-0.144386 -10.107 -0.0835 -5.01 0.3575 25.025 -0.5005 -35.035 -0.0835 -5.01 0.3575 25.025 
-0.144386 -10.107 -0.0835 -5.01 0.3575 25.025 -0.5005 -35.035 -0.0835 -5.01 0.3575 25.025 
-0.144386 -10.107 -0.0835 -5.01 0.3575 25.025 -0.5005 -35.035 -0.0835 -5.01 0.3575 25.025 
-0.144386 -10.107 -0.0835 -5.01 0.3575 25.025 -0.5005 -35.035 -0.0835 -5.01 0.3575 25.025 
-0.144386 -10.107 -0.0835 -5.01 0.3575 25.025 -0.5005 -35.035 -0.0835 -5.01 0.3575 25.025 
-0.144386 -10.107 -0.0835 -5.01 0.3575 25.025 -0.5005 -35.035 -0.0835 -5.01 0.3575 25.025 
-0.144386 -10.107 -0.0835 -5.01 0.3575 25.025 -0.5005 -35.035 -0.0835 -5.01 0.3575 25.025 
-0.144386 -10.107 0.345002 20.7001 0.3575 25.025 -0.5005 -35.035 -0.0835 -5.01 0.3575 25.025 
-0.144386 -10.107 -0.512183 -30.731 0.3575 25.025 -0.5005 -35.035 -0.0835 -5.01 0.3575 25.025 
-0.144386 -10.107 -0.414539 -24.8723 0.3575 25.025 -0.5005 -35.035 -0.0835 -5.01 0.3575 25.025 
-0.144386 -10.107 0.332381 19.9429 0.3575 25.025 -0.5005 -35.035 -0.0835 -5.01 0.3575 25.025 
-0.144386 -10.107 0.332381 19.9429 0.3575 25.025 -0.5005 -35.035 -0.0835 -5.01 0.3575 25.025 
-0.144386 -10.107 0.332381 19.9429 0.3575 25.025 -0.5005 -35.035 -0.0835 -5.01 0.3575 25.025 
-0.144386 -10.107 0.332381 19.9429 0.3575 25.025 -0.5005 -35.035 -0.0835 -5.01 0.3575 25.025 
-0.144386 -10.107 0.332381 19.9429 0.3575 25.025 -0.5005 -35.035 -0.0835 -5.01 0.3575 25.025 
-0.144386 -10.107 0.332381 19.9429 0.3575 25.025 -0.5005 -35.035 -0.0835 -5.01 0.3575 25.025 
-0.144386 -10.107 0.332381 19.9429 0.3575 25.025 -0.5005 -35.035 -0.0835 -5.01 0.3575 25.025 
-0.144386 -10.107 0.332381 19.9429 0.3575 25.025 -0.5005 -35.035 -0.0835 -5.01 0.3575 25.025 
-0.144386 -10.107 0.332381 19.9429 0.3575 25.025 -0.5005 -35.035 -0.0835 -5.01 0.3575 25.025 
-0.144386 -10.107 0.332381 19.9429 0.3575 25.025 -0.5005 -35.035 -0.0835 -5.01 0.3575 25.025 
-0.144386 -10.107 0.332381 19.9429 0.3575 25.025 -0.5005 -35.035 -0.0835 -5.01 0.3575 25.025 
-0.144386 -10.107 0.332381 19.9429 0.3575 25.025 -0.5005 -35.035 -0.0835 -5.01 0.3575 25.025 
-0.144386 -10.107 0.332381 19.9429 0.3575 25.025 -0.5005 -35.035 -0.0835 -5.01 0.3575 25.025 
-0.144386 -10.107 0.332381 19.9429 0.72442 50.7094 -0.5005 -35.035 -0.0835 -5.01 0.3575 25.025 
-0.144386 -10.107 0.332381 19.9429 -0.0095758 -0.670306 -0.5005 -35.035 -0.0835 -5.01 0.3575 25.025 
-0.854202 -59.7942 0.332381 19.9429 0.0740354 5.18248 -0.5005 -35.035 -0.0835 -5.01 0.3575 25.025 
-0.854202 -59.7942 0.332381 19.9429 0.713614 49.953 -0.5005 -35.035 -0.0835 -5.01 0.3575 25.025 
-0.854202 -59.7942 0.332381 19.9429 0.713614 49.953 -0.5005 -35.035 -0.0835 -5.01 0.3575 25.025 
-0.854202 -59.7942 0.332381 19.9429 0.713614 49.953 -0.5005 -35.035 -0.0835 -5.01 0.3575 25.025 
-0.854202 -59.7942 0.332381 19.9429 0.713614 49.953 -0.5005 -35.035 -0.0835 -5.01 0.3575 25.025 
-0.854202 -59.7942 0.332381 19.9429 0.713614 49.953 -0.5005 -35.035 -0.0835 -5.01 0.3575 25.025 
-0.854202 -59.7942 0.332381 19.9429 0.713614 49.953 -0.5005 -35.035 -0.0835 -5.01 0.3575 25.025 
-0.852512 -59.6758 0.332381 19.9429 0.713614 49.953 -0.5005 -35.035 -0.0835 -5.01 0.3575 25.025 
-0.850456 -59.5319 0.332381 19.9429 0.713614 49.953 -0.5005 -35.035 -0.0835 -5.01 0.3575 25.025 
-0.847932 -59.3552 0.332381 19.9429 0.713614 49.953 -0.5005 -35.035 -0.0835 -5.01 0.3575 25.025 
-0.844796 -59.1357 0.332381 19.9429 0.713614 49.953 -0.5005 -35.035 -0.0835 -5.01 0.3575 25.025 
-0.841404 -58.8983 0.332381 19.9429 0.713614 49.953 -0.5005 -35.035 -0.0835 -5.01 0.3575 25.025 
-0.83652 -58.5564 0.332381 19.9429 0.713614 49.953 -0.5005 -35.035 -0.0835 -5.01 0.3575 25.025 
-0.830234 -58.1164 0.332381 19.9429 0.713614 49.953 -0.5005 -35.035 -0.0835 -5.01 0.3575 25.025 
-0.822052 -57.5436 0.332381 19.9429 0.713614 49.953 -0.86742 -60.7194 -0.0835 -5.01 0.3575 25.025 
-0.811292 -56.7905 0.332381 19.9429 0.713614 49.953 -0.133424 -9.33969 -0.0835 -5.01 0.3575 25.025 
-0.797041 -55.7929 -0.496565 -29.7939 0.713614 49.953 -0.217035 -15.1925 -0.0835 -5.01 0.3575 25.025 
-0.778119 -54.4683 -0.496565 -29.7939 0.713614 49.953 -0.856614 -59.963 -0.0835 -5.01 0.3575 25.025 
-0.753113 -52.7179 -0.496565 -29.7939 0.713614 49.953 -0.856614 -59.963 -0.0835 -5.01 0.3575 25.025 
-0.720342 -50.4239 -0.496565 -29.7939 0.713614 49.953 -0.856614 -59.963 -0.0835 -5.01 0.3575 25.025 
-0.678714 -47.51 -0.496565 -29.7939 0.713614 49.953 -0.856614 -59.963 -0.0835 -5.01 0.3575 25.025 
-0.627875 -43.9512 -0.496565 -29.7939 0.713614 49.953 -0.856614 -59.963 -0.0835 -5.01 0.3575 25.025 
-0.568927 -39.8249 -0.496565 -29.7939 0.713614 49.953 -0.856614 -59.963 -0.0835 -5.01 0.3575 25.025 
-0.504716 -35.3301 -0.49459 -29.6754 0.713614 49.953 -0.856614 -59.963 -0.0835 -5.01 0.3575 25.025 
-0.439466 -30.7626 -0.49219 -29.5314 0.713614 49.953 -0.856614 -59.963 -0.0835 -5.01 0.3575 25.025 
-0.377777 -26.4444 -0.489242 -29.3545 0.713614 49.953 -0.856614 -59.963 -0.0835 -5.01 0.3575 25.025 
-0.323389 -22.6373 -0.48558 -29.1348 0.713614 49.953 -0.856614 -59.963 -0.0835 -5.01 0.3575 25.025 
-0.278352 -19.4846 -0.481619 -28.8972 0.713614 49.953 -0.856614 -59.963 -0.0835 -5.01 0.3575 25.025 
-0.242916 -17.0041 -0.475915 -28.5549 0.713614 49.953 -0.856614 -59.963 -0.0835 -5.01 0.3575 25.025 
-0.216049 -15.1234 -0.468574 -28.1145 0.713614 49.953 -0.856614 -59.963 -0.0835 -5.01 0.3575 25.025 
-0.196138 -13.7297 -0.459019 -27.5411 0.713614 49.953 -0.856614 -59.963 -0.512002 -30.7201 0.3575 25.025 
-0.181533 -12.7073 -0.446453 -26.7872 0.713614 49.953 -0.856614 -59.963 0.345183 20.711 0.3575 25.025 
-0.170825 -11.9578 -0.42981 -25.7886 0.00379762 0.265833 -0.856614 -59.963 0.247539 14.8523 0.3575 25.025 
-0.162924 -11.4047 -0.407713 -24.4628 0.00379762 0.265833 -0.856614 -59.963 -0.499381 -29.9629 0.3575 25.025 
-0.157032 -10.9922 -0.37851 -22.7106 0.00379762 0.265833 -0.856614 -59.963 -0.499381 -29.9629 0.3575 25.025 
-0.152581 -10.6807 -0.340239 -20.4143 0.00379762 0.265833 -0.856614 -59.963 -0.499381 -29.9629 0.3575 25.025 
-0.149172 -10.4421 -0.291624 -17.4975 0.00379762 0.265833 -0.856614 -59.963 -0.499381 -29.9629 0.3575 25.025 
-0.146525 -10.2568 -0.232252 -13.9351 0.00379762 0.265833 -0.856614 -59.963 -0.499381 -29.9629 0.3575 25.025 
-0.144442 -10.1109 -0.163412 -9.80469 0.00379762 0.265833 -0.856614 -59.963 -0.499381 -29.9629 0.3575 25.025 
-0.144438 -10.1107 -0.0884237 -5.30542 0.00548847 0.384193 -0.856614 -59.963 -0.499381 -29.9629 0.3575 25.025 
-0.144435 -10.1104 -0.012223 -0.733381 0.0075437 0.528059 -0.856614 -59.963 -0.499381 -29.9629 0.3575 25.025 
-0.144431 -10.1102 0.0598204 3.58923 0.0100681 0.704767 -0.856614 -59.963 -0.499381 -29.9629 0.3575 25.025 
-0.144428 -10.1099 0.123335 7.40012 0.0132036 0.924253 -0.856614 -59.963 -0.499381 -29.9629 0.3575 25.025 
-0.144424 -10.1097 0.175932 10.5559 0.0165955 1.16169 -0.856614 -59.963 -0.499381 -29.9629 0.3575 25.025 
-0.144421 -10.1095 0.217315 13.0389 0.0214803 1.50362 -0.856614 -59.963 -0.499381 -29.9629 0.3575 25.025 
-0.144418 -10.1093 0.248692 14.9215 0.0277657 1.9436 -0.856614 -59.963 -0.499381 -29.9629 0.3575 25.025 
-0.144416 -10.1091 0.271944 16.3166 0.0359479 2.51635 -0.856614 -59.963 -0.499381 -29.9629 -0.00942046 -0.659432 
-0.160044 -11.2031 0.288999 17.34 0.0467076 3.26953 -0.856614 -59.963 -0.499381 -29.9629 0.724576 50.7203 
-0.218534 -15.2974 0.301505 18.0903 0.060959 4.26713 -0.146798 -10.2758 -0.499381 -29.9629 0.640965 44.8675 
-0.417906 -29.2534 0.310732 18.6439 0.0798808 5.59165 -0.146798 -10.2758 -0.499381 -29.9629 0.00138624 0.097037 
-0.688104 -48.1673 0.317613 19.0568 0.104887 7.34206 -0.146798 -10.2758 -0.499381 -29.9629 0.00138624 0.097037 
-0.808204 -56.5743 0.322811 19.3687 0.137658 9.63605 -0.146798 -10.2758 -0.499381 -29.9629 0.00138624 0.097037 
-0.8427 -58.989 0.326792 19.6075 0.179286 12.55 -0.146798 -10.2758 -0.499381 -29.9629 0.00138624 0.097037 
-0.854219 -59.7953 0.329883 19.793 0.230125 16.1088 -0.146798 -10.2758 -0.499381 -29.9629 0.00138624 0.097037 
-0.854217 -59.7952 0.332316 19.939 0.289073 20.2351 -0.146798 -10.2758 -0.499381 -29.9629 0.00138624 0.097037 
-0.852889 -59.7023 0.33232 19.9392 0.353284 24.7299 -0.148488 -10.3942 -0.499381 -29.9629 0.00138624 0.097037 
-0.85134 -59.5938 0.332325 19.9395 0.418534 29.2974 -0.150544 -10.5381 -0.499381 -29.9629 0.00138624 0.097037 
-0.849521 -59.4665 0.332329 19.9397 0.480223 33.6156 -0.153068 -10.7148 -0.499381 -29.9629 0.00138624 0.097037 
-0.847368 -59.3158 0.332333 19.94 0.534611 37.4227 -0.156204 -10.9343 -0.499381 -29.9629 0.00138624 0.097037 
-0.844817 -59.1372 0.332337 19.9402 0.579648 40.5754 -0.159596 -11.1717 -0.499381 -29.9629 0.00138624 0.097037 
-0.841774 -58.9242 0.33234 19.9404 0.615084 43.0559 -0.16448 -11.5136 -0.499381 -29.9629 0.00138624 0.097037 
-0.838107 -58.6675 0.332344 19.9406 0.641951 44.9366 -0.170766 -11.9536 -0.499381 -29.9629 0.00138624 0.097037 
-0.833659 -58.3562 0.332347 19.9408 0.661862 46.3303 -0.178948 -12.5264 -0.499381 -29.9629 0.00138624 0.097037 
-0.82823 -57.9761 0.314096 18.8457 0.676467 47.3527 -0.189708 -13.2795 -0.499381 -29.9629 0.00138624 0.097037 
-0.821568 -57.5097 0.245789 14.7473 0.687175 48.1022 -0.203959 -14.2771 0.329565 19.7739 0.00138624 0.097037 
-0.81336 -56.9352 0.0129564 0.777384 0.695076 48.6553 -0.222881 -15.6017 0.329565 19.7739 0.00138624 0.097037 
-0.803141 -56.2199 -0.30259 -18.1554 0.700968 49.0678 -0.247887 -17.3521 0.329565 19.7739 0.00138624 0.097037 
-0.789894 -55.2926 -0.442846 -26.5708 0.705419 49.3793 -0.280658 -19.6461 0.329565 19.7739 0.00138624 0.097037 
-0.77327 -54.1289 -0.483132 -28.9879 0.708828 49.6179 -0.322286 -22.56 0.329565 19.7739 0.00138624 0.097037 
-0.752505 -52.6753 -0.496585 -29.7951 0.711475 49.8032 -0.373125 -26.1188 0.329565 19.7739 0.00138624 0.097037 
-0.726826 -50.8778 -0.496582 -29.7949 0.713558 49.9491 -0.432073 -30.2451 0.329565 19.7739 0.00138624 0.097037 
-0.695577 -48.6904 -0.495032 -29.7019 0.713562 49.9493 -0.496284 -34.7399 0.32759 19.6554 0.00138624 0.097037 
-0.658405 -46.0884 -0.493223 -29.5934 0.713565 49.9496 -0.561534 -39.3074 0.32519 19.5114 0.00138624 0.097037 
-0.615474 -43.0832 -0.491098 -29.4659 0.713569 49.9498 -0.623223 -43.6256 0.322242 19.3345 0.00138624 0.097037 
-0.567629 -39.734 -0.488584 -29.315 0.713572 49.9501 -0.677611 -47.4327 0.31858 19.1148 0.00138624 0.097037 
-0.516439 -36.1507 -0.485604 -29.1362 0.713576 49.9503 -0.722648 -50.5854 0.314619 18.8772 0.00138624 0.097037 
-0.464047 -32.4833 -0.482051 -28.923 0.713579 49.9505 -0.758084 -53.0659 0.308915 18.5349 0.00138624 0.097037 
-0.412849 -28.8995 -0.477769 -28.6661 0.713582 49.9507 -0.784951 -54.9466 0.301574 18.0945 0.00138624 0.097037 
-0.365069 -25.5548 -0.472574 -28.3545 0.713584 49.9509 -0.804862 -56.3403 0.292019 17.5211 0.00138624 0.097037 
-0.322389 -22.5672 -0.466234 -27.974 0.697956 48.8569 -0.819467 -57.3627 0.279453 16.7672 0.00138624 0.097037 
-0.285739 -20.0017 -0.458453 -27.5072 0.639466 44.7626 -0.830175 -58.1122 0.26281 15.7686 0.711202 49.7842 
-0.255304 -17.8713 -0.448868 -26.9321 0.440094 30.8066 -0.838076 -58.6653 0.240713 14.4428 0.711202 49.7842 
-0.230685 -16.1479 -0.436934 -26.216 0.169896 11.8927 -0.843968 -59.0778 0.21151 12.6906 0.711202 49.7842 
-0.211142 -14.7799 -0.421464 -25.2878 0.0497962 3.48573 -0.848419 -59.3893 0.173239 10.3943 0.711202 49.7842 
-0.19581 -13.7067 -0.402049 -24.123 0.0153002 1.07101 -0.851828 -59.6279 0.124624 7.47747 0.711202 49.7842 
-0.183848 -12.8694 -0.377799 -22.668 0.00378092 0.264664 -0.854475 -59.8132 0.0652524 3.91515 0.711202 49.7842 
-0.174521 -12.2165 -0.347811 -20.8686 0.00378336 0.264835 -0.856558 -59.9591 -0.00358849 -0.21531 0.711202 49.7842 
-0.167225 -11.7057 -0.311317 -18.679 0.00511058 0.357741 -0.856562 -59.9593 -0.0785763 -4.71458 0.709512 49.6658 
-0.161485 -11.304 -0.267907 -16.0744 0.00665954 0.466168 -0.856565 -59.9596 -0.154777 -9.28662 0.707456 49.5219 
-0.156936 -10.9855 -0.217771 -13.0662 0.0084792 0.593544 -0.856569 -59.9598 -0.22682 -13.6092 0.704932 49.3452 
-0.153301 -10.731 -0.161896 -9.71373 0.0106317 0.744221 -0.856572 -59.9601 -0.290335 -17.4201 0.701796 49.1257 
-0.150369 -10.5258 -0.102114 -6.12681 0.0131833 0.922832 -0.856576 -59.9603 -0.342932 -20.5759 0.698404 48.8883 
-0.147984 -10.3589 -0.0409295 -2.45577 0.016226 1.13582 -0.856579 -59.9605 -0.384315 -23.0589 0.69352 48.5464 
-0.146027 -10.2219 0.0188611 1.13167 0.0198926 1.39248 -0.856582 -59.9607 -0.415692 -24.9415 0.687234 48.1064 
-0.1569 -10.983 0.0746604 4.47963 0.0243405 1.70384 -0.856584 -59.9609 -0.438944 -26.3366 0.679052 47.5336 
-0.195522 -13.6866 0.124504 7.47025 0.0297698 2.08389 -0.840956 -58.8669 -0.455999 -27.36 0.668292 46.7805 
-0.320918 -22.4643 0.167305 10.0383 0.0364323 2.55026 -0.782466 -54.7726 -0.468505 -28.1103 0.654041 45.7829 
-0.564683 -39.5278 0.202848 12.1709 0.04464 3.1248 -0.583094 -40.8166 -0.477732 -28.6639 0.635119 44.4583 
-0.750375 -52.5262 0.231599 13.8959 0.054859 3.84013 -0.312896 -21.9027 -0.484613 -29.0768 0.610113 42.7079 
-0.821038 -57.4727 0.254421 15.2653 0.0681058 4.7674 -0.192796 -13.4957 -0.489811 -29.3887 0.577342 40.4139 
-0.844817 -59.1372 0.272327 16.3396 0.0847302 5.93112 -0.1583 -11.081 -0.493792 -29.6275 0.535714 37.5 
-0.854211 -59.7947 0.286296 17.1778 0.105495 7.38465 -0.146781 -10.2747 -0.496883 -29.813 0.484875 33.9412 
-0.852846 -59.6992 0.297189 17.8313 0.131174 9.18219 -0.146783 -10.2748 -0.499316 -29.959 0.425927 29.8149 
-0.851247 -59.5873 0.305709 18.3426 0.162423 11.3696 -0.148111 -10.3677 -0.49932 -29.9592 0.361716 25.3201 
-0.84936 -59.4552 0.312412 18.7447 0.199595 13.9716 -0.14966 -10.4762 -0.499325 -29.9595 0.296466 20.7526 
-0.847117 -59.2982 0.317725 19.0635 0.242526 16.9768 -0.151479 -10.6035 -0.499329 -29.9597 0.234777 16.4344 
-0.844457 -59.112 0.321971 19.3182 0.290371 20.326 -0.153632 -10.7542 -0.499333 -29.96 0.180389 12.6273 
-0.841259 -58.8881 0.325394 19.5237 0.341561 23.9093 -0.156183 -10.9328 -0.499337 -29.9602 0.135352 9.47464 
-0.837386 -58.617 0.328179 19.6908 0.393953 27.5767 -0.159226 -11.1458 -0.49934 -29.9604 0.0999156 6.99409 
-0.832666 -58.2866 0.330465 19.8279 0.445151 31.1605 -0.162893 -11.4025 -0.499344 -29.9606 0.0730486 5.1134 
-0.826881 -57.8817 0.317768 19.0661 0.492931 34.5052 -0.167341 -11.7138 -0.499347 -29.9608 0.0531382 3.71967 
-0.81976 -57.3832 0.272663 16.3598 0.535611 37.4928 -0.17277 -12.0939 -0.481096 -28.8657 0.0385335 2.69734 
-0.810975 -56.7683 0.126221 7.57328 0.572261 40.0583 -0.179432 -12.5603 -0.412789 -24.7673 0.0278254 1.94778 
-0.799505 -55.9653 -0.158455 -9.50729 0.602696 42.1887 -0.18764 -13.1348 -0.179956 -10.7974 0.0199243 1.3947 
-0.784912 -54.9438 -0.375312 -22.5187 0.627315 43.9121 -0.197859 -13.8501 0.13559 8.13543 0.014032 0.982243 
-0.766509 -53.6557 -0.457835 -27.4701 0.646858 45.2801 -0.211106 -14.7774 0.275846 16.5508 0.00958111 0.670678 
-0.743459 -52.0421 -0.485604 -29.1362 0.66219 46.3533 -0.22773 -15.9411 0.316132 18.9679 0.00617228 0.43206 
-0.714952 -50.0466 -0.496575 -29.7945 0.674152 47.1906 -0.248495 -17.3947 0.329585 19.7751 0.00352523 0.246766 
-0.680384 -47.6269 -0.494981 -29.6989 0.683479 47.8435 -0.274174 -19.1922 0.329582 19.7749 0.00144207 0.100945 
-0.639581 -44.7706 -0.493114 -29.5868 0.690775 48.3543 -0.305423 -21.3796 0.328032 19.6819 0.0014382 0.100674 
-0.593027 -41.5119 -0.49091 -29.4546 0.696515 48.756 -0.342595 -23.9816 0.326223 19.5734 0.0014345 0.100415 
-0.542008 -37.9406 -0.48829 -29.2974 0.701064 49.0745 -0.385526 -26.9868 0.324098 19.4459 0.00143098 0.100168 
-0.488556 -34.1989 -0.485184 -29.1111 0.704699 49.329 -0.433371 -30.336 0.321584 19.295 0.00142761 0.099933 
-0.435177 -30.4624 -0.481449 -28.887 0.707631 49.5342 -0.484561 -33.9193 0.318604 19.1162 0.0014244 0.0997082 
-0.384409 -26.9086 -0.476927 -28.6156 0.710016 49.7011 -0.536953 -37.5867 0.315051 18.903 0.00142134 0.0994938 
-0.338358 -23.6851 -0.471415 -28.2849 0.711973 49.8381 -0.588151 -41.1705 0.310769 18.6461 0.00141842 0.0992892 
-0.298367 -20.8857 -0.464659 -27.8795 0.7011 49.077 -0.635931 -44.5152 0.305574 18.3345 0.00141563 0.0990939 
-0.264925 -18.5448 -0.456343 -27.3806 0.662478 46.3734 -0.678611 -47.5028 0.299234 17.954 0.017044 1.19308 
-0.237798 -16.6458 -0.446083 -26.765 0.537082 37.5957 -0.715261 -50.0683 0.291453 17.4872 0.0755339 5.28737 
-0.216279 -15.1395 -0.432688 -25.9613 0.293317 20.5322 -0.745696 -52.1987 0.281868 16.9121 0.274906 19.2434 
-0.199455 -13.9619 -0.415645 -24.9387 0.107625 7.53378 -0.770315 -53.9221 0.269934 16.196 0.545104 38.1573 
-0.1864 -13.048 -0.394154 -23.6493 0.0369615 2.58731 -0.789858 -55.2901 0.254464 15.2678 0.665204 46.5643 
-0.176288 -12.3402 -0.367235 -22.0341 0.0131833 0.922832 -0.80519 -56.3633 0.235049 14.103 0.6997 48.979 
-0.168436 -11.7905 -0.333944 -20.0366 0.00378941 0.265259 -0.817152 -57.2006 0.210799 12.648 0.711219 49.7853 
-0.162305 -11.3613 -0.293575 -17.6145 0.00515396 0.360777 -0.826479 -57.8535 0.180811 10.8486 0.711217 49.7852 
-0.15748 -11.0236 -0.245923 -14.7554 0.00675309 0.472716 -0.833775 -58.3643 0.144317 8.65902 0.709889 49.6923 
-0.153651 -10.7556 -0.191556 -11.4934 0.00864014 0.60481 -0.839515 -58.766 0.100907 6.05442 0.70834 49.5838 
-0.150584 -10.5409 -0.131974 -7.91846 0.0108833 0.761833 -0.844064 -59.0845 0.0507707 3.04624 0.706521 49.4565 
-0.148103 -10.3672 -0.0695513 -4.17308 0.0135428 0.947994 -0.847699 -59.339 -0.00510446 -0.306268 0.704368 49.3058 
-0.146079 -10.2256 -0.0072135 -0.43281 0.0167411 1.17187 -0.850631 -59.5442 -0.0648864 -3.89319 0.701817 49.1272 
-0.144413 -10.1089 0.0520747 3.12448 0.0206138 1.44297 -0.853016 -59.7111 -0.12607 -7.56423 0.698774 48.9142 
-0.14441 -10.1087 0.105855 6.35129 0.0253337 1.77336 -0.854973 -59.8481 -0.185861 -11.1517 0.695107 48.6575 
-0.1569 -10.983 0.152558 9.15345 0.0311186 2.1783 -0.8441 -59.087 -0.24166 -14.4996 0.690659 48.3462 
-0.195522 -13.6866 0.191612 11.4967 0.0382395 2.67677 -0.805478 -56.3834 -0.291504 -17.4902 0.68523 47.9661 
-0.320918 -22.4643 0.223292 13.3975 0.047025 3.29175 -0.680082 -47.6057 -0.334305 -20.0583 0.678568 47.4997 
-0.564683 -39.5278 0.248423 14.9054 0.0584951 4.09466 -0.436317 -30.5422 -0.369848 -22.1909 0.67036 46.9252 
-0.750375 -52.5262 0.26807 16.0842 0.0730881 5.11617 -0.250625 -17.5438 -0.398599 -23.9159 0.660141 46.2099 
-0.821038 -57.4727 0.283316 16.9989 0.0914907 6.40435 -0.179962 -12.5973 -0.421421 -25.2853 0.646894 45.2826 
-0.844817 -59.1372 0.295125 17.7075 0.114541 8.0179 -0.156183 -10.9328 -0.439327 -26.3596 0.63027 44.1189 
-0.852885 -59.702 0.304295 18.2577 0.143048 10.0134 -0.146789 -10.2753 -0.453296 -27.1978 0.609505 42.6653 
-0.851336 -59.5935 0.311455 18.6873 0.177616 12.4331 -0.148154 -10.3708 -0.464189 -27.8513 0.583826 40.8678 
-0.849515 -59.4661 0.31709 19.0254 0.218419 15.2894 -0.149753 -10.4827 -0.472709 -28.3626 0.552577 38.6804 
-0.847362 -59.3154 0.321561 19.2937 0.264973 18.5481 -0.15164 -10.6148 -0.479412 -28.7647 0.515405 36.0784 
-0.844796 -59.1357 0.325144 19.5086 0.315992 22.1194 -0.153883 -10.7718 -0.484725 -29.0835 0.472474 33.0732 
-0.841744 -58.922 0.32804 19.6824 0.369444 25.8611 -0.156543 -10.958 -0.488971 -29.3382 0.424629 29.724 
-0.838061 -58.6643 0.330404 19.8242 0.422823 29.5976 -0.159741 -11.1819 -0.492394 -29.5437 0.373439 26.1407 
-0.833589 -58.3513 0.33235 19.941 0.473591 33.1514 -0.163614 -11.453 -0.495179 -29.7108 0.321047 22.4733 
-0.828122 -57.9686 0.332353 19.9412 0.519642 36.3749 -0.168334 -11.7834 -0.497465 -29.8479 0.269849 18.8895 
-0.821401 -57.4981 0.317768 19.0661 0.559633 39.1743 -0.174119 -12.1883 -0.484768 -29.0861 0.222069 15.5448 
-0.813101 -56.917 0.272663 16.3598 0.593075 41.5152 -0.18124 -12.6868 -0.439663 -26.3798 0.179389 12.5572 
-0.802825 -56.1978 0.126221 7.57328 0.620202 43.4142 -0.190025 -13.3017 -0.293221 -17.5933 0.142739 9.99174 
-0.789998 -55.2999 -0.158455 -9.50729 0.641721 44.9205 -0.201495 -14.1047 -0.00854514 -0.512708 0.112304 7.86125 
-0.773391 -54.1374 -0.375312 -22.5187 0.658545 46.0981 -0.216088 -15.1262 0.208312 12.4987 0.0876847 6.13793 
-0.752646 -52.6852 -0.457835 -27.4701 0.6716 47.012 -0.234491 -16.4143 0.290835 17.4501 0.0681421 4.76995 
-0.726988 -50.8892 -0.485604 -29.1362 0.681712 47.7198 -0.257541 -18.0279 0.318604 19.1162 0.0528101 3.69671 
-0.69576 -48.7032 -0.495027 -29.7016 0.689564 48.2695 -0.286048 -20.0234 0.329575 19.7745 0.040848 2.85936 
-0.658607 -46.1025 -0.493217 -29.593 0.695695 48.6987 -0.320616 -22.4431 0.327981 19.6789 0.0315207 2.20645 
-0.615689 -43.0982 -0.491091 -29.4655 0.70052 49.0364 -0.361419 -25.2994 0.326114 19.5668 0.0242249 1.69575 
-0.56785 -39.7495 -0.488577 -29.3146 0.704349 49.3044 -0.407973 -28.5581 0.32391 19.4346 0.0184853 1.29397 
-0.516656 -36.1659 -0.48558 -29.1348 0.707416 49.5191 -0.458992 -32.1294 0.32129 19.2774 0.0139363 0.975538 
-0.464252 -32.4977 -0.482015 -28.9209 0.709897 49.6928 -0.512444 -35.8711 0.318184 19.0911 0.0103005 0.721036 
-0.413034 -28.9124 -0.477715 -28.6629 0.711921 49.8344 -0.565823 -39.6076 0.314449 18.867 0.007369 0.51583 
-0.365229 -25.566 -0.472492 -28.3495 0.713587 49.9511 -0.616591 -43.1614 0.309927 18.5956 0.0049842 0.348894 
-0.322521 -22.5764 -0.466108 -27.9665 0.71359 49.9513 -0.662642 -46.3849 0.304415 18.2649 0.00302716 0.211901 
-0.285845 -20.0091 -0.458259 -27.4955 0.7011 49.077 -0.702633 -49.1843 0.297659 17.8595 0.0138997 0.972978 
-0.255386 -17.877 -0.448565 -26.9139 0.662478 46.3734 -0.736075 -51.5252 0.289343 17.3606 0.0525222 3.67655 
-0.230747 -16.1523 -0.436565 -26.1939 0.537082 37.5957 -0.763202 -53.4242 0.279083 16.745 0.177918 12.4543 
-0.211189 -14.7832 -0.421585 -25.2951 0.293317 20.5322 -0.784721 -54.9305 0.265688 15.9413 0.421683 29.5178 
-0.195845 -13.7092 -0.402191 -24.1315 0.107625 7.53378 -0.801545 -56.1081 0.248645 14.9187 0.607375 42.5162 
-0.183874 -12.8712 -0.377964 -22.6779 0.0369615 2.58731 -0.8146 -57.022 0.227154 13.6293 0.678038 47.4627 
-0.17454 -12.2178 -0.348 -20.88 0.0131833 0.922832 -0.824712 -57.7298 0.200235 12.0141 0.701817 49.1272 
-0.16724 -11.7068 -0.311531 -18.6918 0.00511476 0.358033 -0.832564 -58.2795 0.166944 10.0166 0.711211 49.7847 
-0.161496 -11.3047 -0.268142 -16.0885 0.00666425 0.466498 -0.838695 -58.7087 0.126575 7.59448 0.709846 49.6892 
-0.156945 -10.9861 -0.218021 -13.0813 0.00848453 0.593917 -0.84352 -59.0464 0.0789227 4.73536 0.708247 49.5773 
-0.153307 -10.7315 -0.162153 -9.72918 0.0106378 0.744646 -0.847349 -59.3144 0.0245561 1.47336 0.70636 49.4452 
-0.150374 -10.5262 -0.102367 -6.14205 0.0132036 0.924253 -0.850416 -59.5291 -0.0350256 -2.10154 0.704117 49.2882 
-0.147988 -10.3592 -0.0411689 -2.47014 0.0162564 1.13795 -0.852897 -59.7028 -0.0974487 -5.84692 0.701457 49.102 
-0.14603 -10.2221 0.0186453 1.11872 0.0199386 1.3957 -0.854921 -59.8444 -0.159787 -9.58719 0.698259 48.8781 
-0.14441 -10.1087 0.0744743 4.46846 0.0244107 1.70875 -0.856587 -59.9611 -0.219075 -13.1445 0.694386 48.607 
-0.160028 -11.202 0.12435 7.461 0.0298776 2.09143 -0.85659 -59.9613 -0.272855 -16.3713 0.689666 48.2766 
-0.218473 -15.2931 0.167181 10.0309 0.036599 2.56193 -0.8441 -59.087 -0.319558 -19.1735 0.683881 47.8717 
-0.417745 -29.2422 0.202752 12.1651 0.0448993 3.14295 -0.805478 -56.3834 -0.358612 -21.5167 0.67676 47.3732 
-0.687985 -48.159 0.231526 13.8916 0.0551749 3.86224 -0.680082 -47.6057 -0.390292 -23.4175 0.667975 46.7583 
-0.808165 -56.5715 0.254367 15.262 0.0680017 4.76012 -0.436317 -30.5422 -0.415423 -24.9254 0.656505 45.9553 
-0.842686 -58.988 0.272286 16.3372 0.0846086 5.9226 -0.250625 -17.5438 -0.43507 -26.1042 0.641912 44.9338 
-0.854213 -59.7949 0.286266 17.176 0.105354 7.37477 -0.179962 -12.5973 -0.450316 -27.0189 0.623509 43.6457 
-0.854211 -59.7947 0.297166 17.83 0.131012 9.17084 -0.156183 -10.9328 -0.462125 -27.7275 0.600459 42.0321 
-0.852883 -59.7018 0.305692 18.3415 0.16224 11.3568 -0.148115 -10.368 -0.471295 -28.2777 0.571952 40.0366 
-0.851333 -59.5933 0.312399 18.744 0.199393 13.9575 -0.149664 -10.4765 -0.478455 -28.7073 0.537384 37.6169 
-0.849513 -59.4659 0.317715 19.0629 0.242311 16.9618 -0.151485 -10.6039 -0.48409 -29.0454 0.496581 34.7606 
-0.847359 -59.3151 0.321963 19.3178 0.29015 20.3105 -0.153638 -10.7546 -0.488561 -29.3137 0.450027 31.5019 
-0.84482 -59.1374 0.325388 19.5233 0.341344 23.8941 -0.156204 -10.9343 -0.492144 -29.5286 0.399008 27.9306 
-0.841784 -58.9249 0.328175 19.6905 0.393748 27.5623 -0.159256 -11.148 -0.49504 -29.7024 0.345556 24.1889 
-0.838131 -58.6692 0.330461 19.8277 0.444966 31.1476 -0.162939 -11.4057 -0.497404 -29.8442 0.292177 20.4524 
-0.833708 -58.3596 0.332353 19.9412 0.492771 34.494 -0.167411 -11.7187 -0.49935 -29.961 0.241409 16.8986 
-0.828325 -57.9828 0.314114 18.8469 0.535479 37.4836 -0.172878 -12.1014 -0.499353 -29.9612 0.195358 13.6751 
-0.821747 -57.5223 0.24586 14.7516 0.572155 40.0509 -0.179599 -12.5719 -0.484768 -29.0861 0.155367 10.8757 
-0.813673 -56.9571 0.0131438 0.788628 0.602614 42.183 -0.187899 -13.153 -0.439663 -26.3798 0.121925 8.53476 
-0.803194 -56.2236 -0.302452 -18.1471 0.627253 43.9077 -0.198175 -13.8722 -0.293221 -17.5933 0.0947977 6.63584 
-0.789976 -55.2983 -0.442801 -26.568 0.646811 45.2768 -0.211002 -14.7701 -0.00854514 -0.512708 0.0732789 5.12952 
-0.773381 -54.1367 -0.483116 -28.987 0.662155 46.3508 -0.227609 -15.9326 0.208312 12.4987 0.056455 3.95185 
-0.752615 -52.683 -0.496577 -29.7946 0.674126 47.1888 -0.248354 -17.3848 0.290835 17.4501 0.0434003 3.03802 
-0.726894 -50.8826 -0.496575 -29.7945 0.68346 47.8422 -0.274012 -19.1808 0.318604 19.1162 0.0332885 2.33019 
-0.695565 -48.6896 -0.495024 -29.7014 0.69076 48.3532 -0.30524 -21.3668 0.328027 19.6816 0.0254363 1.78054 
-0.658016 -46.0611 -0.493214 -29.5928 0.696504 48.7553 -0.342393 -23.9675 0.326217 19.573 0.0193046 1.35132 
-0.614745 -43.0322 -0.491088 -29.4653 0.701055 49.0739 -0.385311 -26.9718 0.324091 19.4455 0.0144801 1.01361 
-0.566429 -39.65 -0.488573 -29.3144 0.704693 49.3285 -0.43315 -30.3205 0.321577 19.2946 0.010651 0.74557 
-0.516431 -36.1502 -0.485608 -29.1365 0.707626 49.5338 -0.484344 -33.9041 0.31858 19.1148 0.00758362 0.530853 
-0.46509 -32.5563 -0.482063 -28.9238 0.710012 49.7008 -0.536748 -37.5723 0.315015 18.9009 0.00510337 0.357236 
-0.414583 -29.0208 -0.477796 -28.6678 0.71197 49.8379 -0.587966 -41.1576 0.310715 18.6429 0.00307934 0.215554 
-0.369116 -25.8381 -0.472631 -28.3579 0.71359 49.9513 -0.635771 -44.504 0.305492 18.3295 0.0014129 0.098903 
-0.326728 -22.8709 -0.466345 -27.9807 0.697972 48.858 -0.678479 -47.4936 0.299108 17.9465 0.00141018 0.0987123 
-0.291594 -20.4116 -0.458662 -27.5197 0.639527 44.7669 -0.715155 -50.0609 0.291259 17.4755 0.0138997 0.972978 
-0.263967 -18.4777 -0.449233 -26.954 0.440255 30.8178 -0.745614 -52.193 0.281565 16.8939 0.0525222 3.67655 
-0.237755 -16.6429 -0.436996 -26.2198 0.170015 11.901 -0.770253 -53.9177 0.269565 16.1739 0.177918 12.4543 
-0.215682 -15.0978 -0.421559 -25.2936 0.0498353 3.48847 -0.789811 -55.2868 0.254585 15.2751 0.421683 29.5178 
-0.197249 -13.8074 -0.402179 -24.1308 0.0153137 1.07196 -0.805155 -56.3608 0.235191 14.1115 0.607375 42.5162 
-0.184107 -12.8875 -0.377928 -22.6757 0.00378709 0.265096 -0.817126 -57.1988 0.210964 12.6579 0.678038 47.4627 
-0.174696 -12.2287 -0.34789 -20.8734 0.00378941 0.265259 -0.82646 -57.8522 0.181 10.86 0.701817 49.1272 
-0.167559 -11.7291 -0.311303 -18.6782 0.00511724 0.358207 -0.83376 -58.3632 0.144531 8.67183 0.709885 49.692 
-0.162383 -11.3668 -0.267452 -16.0471 0.00666692 0.466684 -0.839504 -58.7653 0.101142 6.06852 0.708336 49.5835 
-0.1576 -11.032 -0.21692 -13.0152 0.00848742 0.59412 -0.844055 -59.0839 0.0510213 3.06128 0.706515 49.4561 
-0.153784 -10.7649 -0.160494 -9.62965 0.010641 0.744868 -0.847693 -59.3385 -0.00484693 -0.290816 0.704362 49.3054 
-0.151717 -10.6202 -0.102105 -6.1263 0.01318 0.922598 -0.850626 -59.5438 -0.0646326 -3.87795 0.701796 49.1257 
-0.151062 -10.5743 -0.0421475 -2.52885 0.0162158 1.13511 -0.853012 -59.7108 -0.125831 -7.54986 0.698744 48.912 
-0.152076 -10.6453 0.0168368 1.01021 0.0198691 1.39084 -0.85497 -59.8479 -0.185645 -11.1387 0.695061 48.6543 
-0.152374 -10.6662 0.0699343 4.19606 0.0242919 1.70044 -0.85659 -59.9613 -0.241474 -14.4885 0.690589 48.3413 
-0.177511 -12.4258 0.119437 7.16623 0.0296749 2.07724 -0.840972 -58.868 -0.29135 -17.481 0.685122 47.9586 
-0.242334 -16.9634 0.160467 9.62804 0.0362531 2.53772 -0.782527 -54.7769 -0.334181 -20.0509 0.678401 47.4881 
-0.404376 -28.3064 0.19273 11.5638 0.0443272 3.1029 -0.583255 -40.8278 -0.369752 -22.1851 0.670101 46.907 
-0.522393 -36.5675 0.223342 13.4005 0.0548058 3.83641 -0.313015 -21.911 -0.398526 -23.9116 0.659825 46.1878 
-0.550464 -38.5325 0.249119 14.9472 0.0680241 4.76168 -0.192835 -13.4985 -0.421367 -25.282 0.646998 45.2899 
-0.503884 -35.2719 0.270647 16.2388 0.0846188 5.92332 -0.158314 -11.082 -0.439286 -26.3572 0.630391 44.1274 
-0.389158 -27.2411 0.285994 17.1596 0.105385 7.37695 -0.146787 -10.2751 -0.453266 -27.196 0.609646 42.6752 
-0.25863 -18.1041 0.296985 17.8191 0.131106 9.17742 -0.146789 -10.2753 -0.464166 -27.85 0.583988 40.8792 
-0.216485 -15.1539 0.305319 18.3192 0.162435 11.3704 -0.148117 -10.3682 -0.472692 -28.3615 0.55276 38.6932 
-0.175893 -12.3125 0.311363 18.6818 0.199984 13.9989 -0.149667 -10.4767 -0.479399 -28.764 0.515607 36.0925 
-0.179183 -12.5428 0.31695 19.017 0.243255 17.0278 -0.151487 -10.6041 -0.484715 -29.0829 0.472689 33.0882 
-0.166453 -11.6517 0.321406 19.2843 0.291571 20.41 -0.153641 -10.7549 -0.488963 -29.3378 0.42485 29.7395 
-0.163671 -11.4569 0.32382 19.4292 0.341569 23.9098 -0.15618 -10.9326 -0.492388 -29.5433 0.373656 26.1559 
-0.1695 -11.865 0.324585 19.4751 0.39291 27.5037 -0.159216 -11.1451 -0.495175 -29.7105 0.321252 22.4877 
-0.169759 -11.8831 0.323401 19.4041 0.443417 31.0392 -0.162869 -11.4008 -0.497461 -29.8477 0.270034 18.9024 
-0.17363 -12.1541 0.323052 19.3831 0.488884 34.2219 -0.167292 -11.7104 -0.499353 -29.9612 0.222229 15.556 
-0.179768 -12.5838 0.293697 17.6218 0.531272 37.1891 -0.172675 -12.0872 -0.481114 -28.8669 0.179521 12.5664 
-0.187978 -13.1585 0.217995 13.0797 0.566406 39.6484 -0.179253 -12.5477 -0.41286 -24.7716 0.142845 9.99913 
-0.198091 -13.8663 0.0287561 1.72537 0.594033 41.5823 -0.187309 -13.1117 -0.180144 -10.8086 0.112386 7.867 
-0.211321 -14.7924 -0.109067 -6.54402 0.620245 43.4171 -0.19777 -13.8439 0.135452 8.12709 0.0877471 6.1423 
-0.227884 -15.9519 -0.14185 -8.51099 0.642318 44.9622 -0.211002 -14.7701 0.275801 16.548 0.068189 4.77323 
-0.249067 -17.4347 -0.0874516 -5.24709 0.660751 46.2526 -0.227609 -15.9326 0.316116 18.967 0.0528451 3.69915 
-0.275091 -19.2563 0.0465285 2.79171 0.673893 47.1725 -0.248354 -17.3848 0.329577 19.7746 0.0408741 2.86119 
-0.305703 -21.3992 0.198964 11.9378 0.683304 47.8313 -0.274012 -19.1808 0.329575 19.7745 0.0315402 2.20781 
-0.342566 -23.9796 0.248182 14.8909 0.690441 48.3309 -0.30524 -21.3668 0.328024 19.6814 0.0242396 1.69677 
-0.385402 -26.9782 0.295586 17.7352 0.695617 48.6932 -0.342393 -23.9675 0.326214 19.5728 0.0184964 1.29475 
-0.433202 -30.3242 0.291744 17.5046 0.7004 49.028 -0.385311 -26.9718 0.324088 19.4453 0.0139447 0.976132 
-0.484395 -33.9077 0.306611 18.3967 0.704216 49.2951 -0.43315 -30.3205 0.321573 19.2944 0.0103071 0.721495 
-0.536799 -37.5759 0.30986 18.5916 0.706283 49.4398 -0.484344 -33.9041 0.318608 19.1165 0.00737412 0.516188 
-0.588019 -41.1613 0.303052 18.1831 0.706938 49.4857 -0.536748 -37.5723 0.315063 18.9038 0.00498824 0.349177 
-0.635821 -44.5075 0.30275 18.165 0.705924 49.4147 -0.587966 -41.1576 0.310796 18.6478 0.00303038 0.212126 
-0.678524 -47.4967 0.298229 17.8937 0.705626 49.3938 -0.635771 -44.504 0.305631 18.3379 0.00141018 0.0987123 
-0.715194 -50.0636 0.291061 17.4637 0.680489 47.6342 -0.678479 -47.4936 0.299345 17.9607 0.017028 1.19196 
-0.745646 -52.1952 0.281473 16.8884 0.615666 43.0966 -0.715155 -50.0609 0.291662 17.4997 0.0754728 5.2831 
-0.770279 -53.9195 0.269663 16.1798 0.453624 31.7536 -0.745614 -52.193 0.282254 16.9352 0.274745 19.2322 
-0.789832 -55.2882 0.254213 15.2528 0.335607 23.4925 -0.770253 -53.9177 0.270038 16.2023 0.544985 38.149 
-0.805171 -56.362 0.23487 14.0922 0.307536 21.5275 -0.789811 -55.2868 0.254585 15.2751 0.665165 46.5615 
-0.817139 -57.1997 0.210132 12.6079 0.354116 24.7881 -0.805155 -56.3608 0.235191 14.1115 0.699686 48.978 
-0.82647 -57.8529 0.17974 10.7844 0.468842 32.8189 -0.817126 -57.1988 0.210964 12.6579 0.711213 49.7849 
-0.833768 -58.3638 0.14399 8.63941 0.59937 41.9559 -0.82646 -57.8522 0.181 10.86 0.711211 49.7847 
-0.83951 -58.7657 0.10094 6.05641 0.641515 44.9061 -0.83376 -58.3632 0.144531 8.67183 0.709883 49.6918 
-0.84406 -59.0842 0.0509146 3.05488 0.682107 47.7475 -0.839504 -58.7653 0.101142 6.06852 0.708333 49.5833 
-0.847697 -59.3388 -0.00490774 -0.294464 0.678817 47.5172 -0.844055 -59.0839 0.0510213 3.06128 0.706513 49.4559 
-0.850629 -59.544 -0.0646923 -3.88154 0.691547 48.4083 -0.847693 -59.3385 -0.00484693 -0.290816 0.704359 49.3051 
-0.853014 -59.711 -0.125891 -7.55347 0.694329 48.6031 -0.850626 -59.5438 -0.0646326 -3.87795 0.70182 49.1274 
-0.854972 -59.848 -0.185707 -11.1424 0.6885 48.195 -0.853012 -59.7108 -0.125831 -7.54986 0.698784 48.9149 
-0.856592 -59.9614 -0.241533 -14.492 0.688241 48.1769 -0.85497 -59.8479 -0.185645 -11.1387 0.695131 48.6592 
-0.840977 -58.8684 -0.291402 -17.4841 0.68437 47.9059 -0.85659 -59.9613 -0.241474 -14.4885 0.690708 48.3496 
-0.782548 -54.7784 -0.334226 -20.0536 0.678232 47.4762 -0.8441 -59.087 -0.29135 -17.481 0.685325 47.9728 
-0.58331 -40.8317 -0.36979 -22.1874 0.670022 46.9015 -0.805478 -56.3834 -0.334181 -20.0509 0.678747 47.5123 
-0.313055 -21.9139 -0.398556 -23.9134 0.659909 46.1937 -0.680082 -47.6057 -0.369752 -22.1851 0.670691 46.9483 
-0.192849 -13.4994 -0.421391 -25.2835 0.646679 45.2676 -0.436317 -30.5422 -0.398526 -23.9116 0.66023 46.2161 
-0.158318 -11.0823 -0.439305 -26.3583 0.630116 44.1081 -0.250625 -17.5438 -0.421367 -25.282 0.646998 45.2899 
-0.146789 -10.2752 -0.453281 -27.1969 0.608933 42.6253 -0.179962 -12.5973 -0.439286 -26.3572 0.630391 44.1274 
-0.146791 -10.2754 -0.464178 -27.8507 0.582909 40.8037 -0.156183 -10.9328 -0.453266 -27.196 0.609646 42.6752 
-0.148119 -10.3684 -0.472702 -28.3621 0.552297 38.6608 -0.148115 -10.368 -0.464166 -27.85 0.583988 40.8792 
-0.149669 -10.4769 -0.479407 -28.7644 0.515434 36.0804 -0.149664 -10.4765 -0.472692 -28.3615 0.55276 38.6932 
-0.15149 -10.6043 -0.484721 -29.0832 0.472598 33.0818 -0.151485 -10.6039 -0.479399 -28.764 0.515607 36.0925 
-0.153641 -10.7549 -0.488968 -29.3381 0.424798 29.7358 -0.153638 -10.7546 -0.484715 -29.0829 0.472689 33.0882 
-0.156183 -10.9328 -0.492392 -29.5435 0.373605 26.1523 -0.156183 -10.9328 -0.488963 -29.3378 0.42485 29.7395 
-0.159226 -11.1458 -0.495178 -29.7107 0.321201 22.4841 -0.159226 -11.1458 -0.492388 -29.5433 0.373656 26.1559 
-0.162893 -11.4025 -0.497464 -29.8478 0.269981 18.8987 -0.162893 -11.4025 -0.495175 -29.7105 0.321252 22.4877 
-0.167341 -11.7138 -0.499355 -29.9613 0.222179 15.5525 -0.167341 -11.7138 -0.497461 -29.8477 0.270034 18.9024 
-0.17277 -12.0939 -0.481121 -28.8672 0.179476 12.5633 -0.17277 -12.0939 -0.499353 -29.9612 0.222229 15.556 
-0.179432 -12.5603 -0.412885 -24.7731 0.142806 9.99644 -0.179432 -12.5603 -0.484768 -29.0861 0.179521 12.5664 
-0.18764 -13.1348 -0.180208 -10.8125 0.112354 7.86475 -0.18764 -13.1348 -0.439663 -26.3798 0.142845 9.99913 
-0.197859 -13.8501 0.135404 8.12425 0.0877211 6.14048 -0.19777 -13.8439 -0.293221 -17.5933 0.112386 7.867 
-0.211106 -14.7774 0.275785 16.5471 0.0681683 4.77178 -0.211004 -14.7703 -0.00854514 -0.512708 0.0877471 6.1423 
-0.22773 -15.9411 0.316111 18.9666 0.0528287 3.69801 -0.227615 -15.9331 0.208312 12.4987 0.068189 4.77323 
-0.248495 -17.3947 0.329575 19.7745 0.0408612 2.86029 -0.248365 -17.3855 0.290835 17.4501 0.0528451 3.69915 
-0.274174 -19.1922 0.329572 19.7743 0.0315301 2.20711 -0.274029 -19.182 0.318604 19.1162 0.0408741 2.86119 
-0.305423 -21.3796 0.328021 19.6813 0.0242316 1.69621 -0.305264 -21.3685 0.328027 19.6816 0.0315402 2.20781 
-0.342595 -23.9816 0.326211 19.5727 0.0184901 1.2943 -0.342425 -23.9697 0.326217 19.573 0.0242396 1.69677 
-0.385526 -26.9868 0.324085 19.4451 0.0139397 0.975778 -0.38535 -26.9745 0.324091 19.4455 0.0184964 1.29475 
-0.433371 -30.336 0.321573 19.2944 0.010303 0.72121 -0.433196 -30.3238 0.321577 19.2946 0.0139447 0.976132 
-0.484561 -33.9193 0.318604 19.1162 0.0073708 0.515956 -0.484396 -33.9077 0.318604 19.1162 0.0103071 0.721495 
-0.536953 -37.5867 0.315051 18.903 0.00498552 0.348986 -0.536801 -37.5761 0.315051 18.903 0.00737412 0.516188 
-0.588151 -41.1705 0.310769 18.6461 0.00302813 0.211969 -0.588016 -41.1611 0.310769 18.6461 0.00498824 0.349177 
-0.635931 -44.5152 0.305574 18.3345 0.0014083 0.0985813 -0.635808 -44.5065 0.305574 18.3345 0.00303038 0.212126 
-0.678611 -47.5028 0.299234 17.954 0.0170225 1.19158 -0.678516 -47.4962 0.299234 17.954 0.00141018 0.0987123 
-0.715261 -50.0683 0.291453 17.4872 0.075452 5.28164 -0.71518 -50.0626 0.291453 17.4872 0.0138997 0.972978 
-0.745696 -52.1987 0.281868 16.9121 0.27469 19.2283 -0.74562 -52.1934 0.281868 16.9121 0.0525222 3.67655 
-0.770315 -53.9221 0.269934 16.196 0.544945 38.1461 -0.770261 -53.9182 0.270038 16.2023 0.177918 12.4543 
-0.789858 -55.2901 0.254464 15.2678 0.665151 46.5606 -0.789787 -55.2851 0.254582 15.2749 0.421683 29.5178 
-0.80519 -56.3633 0.235049 14.103 0.699682 48.9777 -0.805128 -56.359 0.235184 14.111 0.607375 42.5162 
-0.817152 -57.2006 0.210799 12.648 0.711211 49.7848 -0.817057 -57.194 0.210951 12.6571 0.678038 47.4627 
-0.826479 -57.8535 0.180811 10.8486 0.711209 49.7846 -0.8264 -57.848 0.18098 10.8588 0.701817 49.1272 
-0.833775 -58.3643 0.144317 8.65902 0.709881 49.6916 -0.833656 -58.3559 0.144503 8.67015 0.709885 49.692 
-0.839515 -58.766 0.100907 6.05442 0.708331 49.5831 -0.839246 -58.7472 0.101105 6.06631 0.708336 49.5835 
-0.844064 -59.0845 0.0507707 3.04624 0.70651 49.4557 -0.843799 -59.0659 0.0509754 3.05853 0.706515 49.4561 
-0.847699 -59.339 -0.00510446 -0.306268 0.704359 49.3051 -0.84759 -59.3313 -0.00490081 -0.294048 0.704362 49.3054 
-0.850631 -59.5442 -0.0648864 -3.89319 0.701817 49.1272 -0.850581 -59.5406 -0.0646928 -3.88157 0.701817 49.1272 
-0.853016 -59.7111 -0.12607 -7.56423 0.698774 48.9142 -0.852995 -59.7097 -0.125894 -7.55362 0.698774 48.9142 
-0.854973 -59.8481 -0.185861 -11.1517 0.695107 48.6575 -0.854957 -59.847 -0.185704 -11.1423 0.695107 48.6575 
-0.8441 -59.087 -0.24166 -14.4996 0.690659 48.3462 -0.856575 -59.9602 -0.241517 -14.491 0.690659 48.3462 
-0.805478 -56.3834 -0.291504 -17.4902 0.68523 47.9661 -0.840928 -58.8649 -0.291393 -17.4836 0.68523 47.9661 
-0.680082 -47.6057 -0.334305 -20.0583 0.678568 47.4997 -0.782397 -54.7678 -0.33421 -20.0526 0.678568 47.4997 
-0.436317 -30.5422 -0.369848 -22.1909 0.67036 46.9252 -0.583175 -40.8223 -0.369758 -22.1855 0.67036 46.9252 
-0.250625 -17.5438 -0.398599 -23.9159 0.660141 46.2099 -0.313273 -21.9291 -0.398535 -23.9121 0.66023 46.2161 
-0.179962 -12.5973 -0.421421 -25.2853 0.646894 45.2826 -0.193099 -13.5169 -0.421339 -25.2803 0.646996 45.2897 
-0.156183 -10.9328 -0.439327 -26.3596 0.63027 44.1189 -0.158449 -11.0914 -0.439254 -26.3553 0.630385 44.1269 
-0.146789 -10.2753 -0.453296 -27.1978 0.609505 42.6653 -0.146929 -10.285 -0.453185 -27.1911 0.609635 42.6745 
-0.148154 -10.3708 -0.464189 -27.8513 0.583826 40.8678 -0.146891 -10.2824 -0.464096 -27.8458 0.583971 40.878 
-0.149753 -10.4827 -0.472709 -28.3626 0.552577 38.6804 -0.148271 -10.3789 -0.47257 -28.3542 0.552736 38.6915 
-0.15164 -10.6148 -0.479412 -28.7647 0.515405 36.0784 -0.149784 -10.4849 -0.479099 -28.7459 0.515575 36.0903 
-0.153883 -10.7718 -0.484725 -29.0835 0.472474 33.0732 -0.151704 -10.6193 -0.484416 -29.065 0.47265 33.0855 
-0.156543 -10.958 -0.488971 -29.3382 0.424629 29.724 -0.153831 -10.7681 -0.488843 -29.3306 0.424804 29.7362 
-0.159741 -11.1819 -0.492394 -29.5437 0.373439 26.1407 -0.156371 -10.9459 -0.492335 -29.5401 0.373604 26.1523 
-0.163614 -11.453 -0.495179 -29.7108 0.321047 22.4733 -0.159465 -11.1626 -0.495155 -29.7093 0.321199 22.4839 
-0.168334 -11.7834 -0.497465 -29.8479 0.269849 18.8895 -0.163205 -11.4243 -0.497446 -29.8468 0.269984 18.8989 
-0.174119 -12.1883 -0.484768 -29.0861 0.222069 15.5448 -0.16793 -11.7551 -0.499335 -29.9601 0.222192 15.5535 
-0.18124 -12.6868 -0.439663 -26.3798 0.179389 12.5572 -0.173946 -12.1762 -0.481062 -28.8637 0.179484 12.5638 
-0.190025 -13.3017 -0.293221 -17.5933 0.142739 9.99174 -0.182188 -12.7532 -0.412708 -24.7625 0.14282 9.9974 
-0.201495 -14.1047 -0.00854514 -0.512708 0.112304 7.86125 -0.190465 -13.3326 -0.180051 -10.803 0.11238 7.86663 
-0.216088 -15.1262 0.208312 12.4987 0.0876847 6.13793 -0.210089 -14.7062 0.13515 8.10899 0.0877395 6.14176 
-0.234491 -16.4143 0.290835 17.4501 0.0681421 4.76995 -0.23684 -16.5788 0.275492 16.5295 0.068213 4.77491 
-0.257541 -18.0279 0.318604 19.1162 0.0528101 3.69671 -0.290041 -20.3029 0.315958 18.9575 0.0528719 3.70103 
-0.286048 -20.0234 0.329575 19.7745 0.040848 2.85936 -0.408151 -28.5706 0.329412 19.7647 0.0409432 2.86603 
-0.320616 -22.4431 0.327981 19.6789 0.0315207 2.20645 -0.395055 -27.6539 0.329456 19.7674 0.0316002 2.21201 
-0.361419 -25.2994 0.326114 19.5668 0.0242249 1.69575 -0.470349 -32.9244 0.327845 19.6707 0.0243438 1.70407 
-0.407973 -28.5581 0.32391 19.4346 0.0184853 1.29397 -0.448704 -31.4093 0.326077 19.5646 0.0187537 1.31276 
-0.458992 -32.1294 0.32129 19.2774 0.0139363 0.975538 -0.43906 -30.7342 0.323836 19.4301 0.0142008 0.994056 
-0.512444 -35.8711 0.318184 19.0911 0.0103005 0.721036 -0.470166 -32.9116 0.321352 19.2811 0.0104097 0.72868 
-0.565823 -39.6076 0.314449 18.867 0.007369 0.51583 -0.4907 -34.349 0.318385 19.1031 0.00741935 0.519354 
-0.616591 -43.1614 0.309927 18.5956 0.0049842 0.348894 -0.522762 -36.5934 0.314771 18.8863 0.00500471 0.35033 
-0.662642 -46.3849 0.304415 18.2649 0.00302716 0.211901 -0.561593 -39.3115 0.310404 18.6242 0.00304322 0.213025 
-0.702633 -49.1843 0.297659 17.8595 0.0138997 0.972978 -0.601356 -42.0949 0.304886 18.2931 0.00142545 0.0997812 
-0.736075 -51.5252 0.289343 17.3606 0.0525222 3.67655 -0.638936 -44.7255 0.29786 17.8716 0.0170723 1.19506 
-0.763202 -53.4242 0.279083 16.745 0.177918 12.4543 -0.646523 -45.2566 0.288234 17.2941 0.0756032 5.29222 
-0.784721 -54.9305 0.265688 15.9413 0.421683 29.5178 -0.707921 -49.5545 0.278568 16.7141 0.274825 19.2377 
-0.801545 -56.1081 0.248645 14.9187 0.607375 42.5162 -0.725202 -50.7642 0.255651 15.3391 0.544727 38.1309 
-0.8146 -57.022 0.227154 13.6293 0.678038 47.4627 -0.751677 -52.6174 0.224411 13.4647 0.664901 46.5431 
-0.824712 -57.7298 0.200235 12.0141 0.701817 49.1272 -0.781935 -54.7355 0.162281 9.73684 0.699551 48.9686 
-0.832564 -58.2795 0.166944 10.0166 0.711211 49.7847 -0.79607 -55.7249 0.0243481 1.46089 0.711071 49.775 
-0.838695 -58.7087 0.126575 7.59448 0.709846 49.6892 -0.785647 -54.9953 0.0396419 2.37851 0.711109 49.7776 
-0.84352 -59.0464 0.0789227 4.73536 0.708247 49.5773 -0.778662 -54.5064 -0.0482883 -2.8973 0.709729 49.6811 
-0.847349 -59.3144 0.0245561 1.47336 0.70636 49.4452 -0.795272 -55.6691 -0.0230109 -1.38066 0.708216 49.5751 
-0.850416 -59.5291 -0.0350256 -2.10154 0.704117 49.2882 -0.82537 -57.7759 -0.0117485 -0.704909 0.706296 49.4407 
-0.852897 -59.7028 -0.0974487 -5.84692 0.701457 49.102 -0.817083 -57.1958 -0.0480748 -2.88449 0.704169 49.2919 
-0.854921 -59.8444 -0.159787 -9.58719 0.698259 48.8781 -0.819614 -57.373 -0.0720547 -4.32328 0.701629 49.1141 
-0.856587 -59.9611 -0.219075 -13.1445 0.694386 48.607 -0.808848 -56.6194 -0.109499 -6.56991 0.698535 48.8974 
-0.85659 -59.9613 -0.272855 -16.3713 0.689666 48.2766 -0.825243 -57.767 -0.154847 -9.2908 0.694795 48.6357 
-0.8441 -59.087 -0.319558 -19.1735 0.683881 47.8717 -0.815798 -57.1058 -0.201283 -12.077 0.69007 48.3049 
-0.805478 -56.3834 -0.358612 -21.5167 0.67676 47.3732 -0.748461 -52.3923 -0.24517 -14.7102 0.684054 47.8838 
-0.680082 -47.6057 -0.390292 -23.4175 0.667975 46.7583 -0.638106 -44.6674 -0.254031 -15.2419 0.675812 47.3068 
-0.436317 -30.5422 -0.415423 -24.9254 0.656505 45.9553 -0.46468 -32.5276 -0.325733 -19.544 0.667535 46.7274 
-0.250625 -17.5438 -0.43507 -26.1042 0.641912 44.9338 -0.346029 -24.222 -0.345915 -20.7549 0.647911 45.3538 
-0.179962 -12.5973 -0.450316 -27.0189 0.623509 43.6457 -0.22773 -15.9411 -0.376833 -22.61 0.62116 43.4812 
-0.156183 -10.9328 -0.462125 -27.7275 0.600459 42.0321 -0.16354 -11.4478 -0.412169 -24.7301 0.567959 39.7571 
-0.148115 -10.368 -0.471295 -28.2777 0.571952 40.0366 -0.1525 -10.675 -0.428676 -25.7206 0.449849 31.4894 
-0.149664 -10.4765 -0.478455 -28.7073 0.537384 37.6169 -0.151524 -10.6067 -0.416504 -24.9903 0.462945 32.4061 
-0.151485 -10.6039 -0.48409 -29.0454 0.496581 34.7606 -0.156144 -10.9301 -0.408347 -24.5008 0.387651 27.1356 
-0.153638 -10.7546 -0.488561 -29.3137 0.450027 31.5019 -0.156889 -10.9822 -0.427745 -25.6647 0.409296 28.6507 
-0.156204 -10.9343 -0.492144 -29.5286 0.399008 27.9306 -0.165844 -11.6091 -0.462893 -27.7736 0.41894 29.3258 
-0.159256 -11.148 -0.49504 -29.7024 0.345556 24.1889 -0.192104 -13.4473 -0.453216 -27.193 0.387834 27.1484 
-0.162939 -11.4057 -0.497404 -29.8442 0.292177 20.4524 -0.2259 -15.813 -0.456171 -27.3703 0.3673 25.711 
-0.167411 -11.7187 -0.49935 -29.961 0.241409 16.8986 -0.366289 -25.6402 -0.443599 -26.6159 0.335238 23.4666 
-0.172878 -12.1014 -0.499353 -29.9612 0.195358 13.6751 -0.465264 -32.5685 -0.462745 -27.7647 0.296407 20.7485 
-0.179599 -12.5719 -0.484768 -29.0861 0.155367 10.8757 -0.623526 -43.6468 -0.451715 -27.1029 0.256644 17.9651 
-0.187899 -13.153 -0.439663 -26.3798 0.121925 8.53476 -0.652675 -45.6873 -0.373077 -22.3846 0.219064 15.3345 
-0.198175 -13.8722 -0.293221 -17.5933 0.0947977 6.63584 -0.745522 -52.1865 -0.244201 -14.652 0.211477 14.8034 
-0.211002 -14.7701 -0.00854514 -0.512708 0.0732789 5.12952 -0.77019 -53.9133 -0.0416681 -2.50008 0.150079 10.5055 
-0.227609 -15.9326 0.208312 12.4987 0.056455 3.95185 -0.748563 -52.3994 0.0968966 5.8138 0.132798 9.29584 
-0.248354 -17.3848 0.290835 17.4501 0.0434003 3.03802 -0.726281 -50.8396 0.23505 14.103 0.106323 7.4426 
-0.274012 -19.1808 0.318604 19.1162 0.0332885 2.33019 -0.727739 -50.9417 0.310013 18.6008 0.0760649 5.32454 
-0.30524 -21.3668 0.328027 19.6816 0.0254363 1.78054 -0.69492 -48.6444 0.322906 19.3743 0.06193 4.3351 
-0.342393 -23.9675 0.326217 19.573 0.0193046 1.35132 -0.661676 -46.3174 0.324045 19.4427 0.0723525 5.06468 
-0.385311 -26.9718 0.324091 19.4455 0.0144801 1.01361 -0.621213 -43.4849 0.31865 19.119 0.0793376 5.55363 
-0.43315 -30.3205 0.321577 19.2946 0.010651 0.74557 -0.576199 -40.334 0.31778 19.0668 0.0627276 4.39093 
-0.484344 -33.9041 0.31858 19.1148 0.00758362 0.530853 -0.538096 -37.6667 0.307322 18.4393 0.0326302 2.28411 
-0.536748 -37.5723 0.315015 18.9009 0.00510337 0.357236 -0.490129 -34.3091 0.276655 16.5993 0.0409166 2.86416 
-0.587966 -41.1576 0.310715 18.6429 0.00307934 0.215554 -0.442398 -30.9679 0.237187 14.2312 0.0383864 2.68704 
-0.635771 -44.504 0.305492 18.3295 0.0014129 0.098903 -0.396111 -27.7278 0.0732358 4.39415 0.0491519 3.44063 
-0.678479 -47.4936 0.299108 17.9465 0.00141018 0.0987123 -0.362406 -25.3684 -0.0423501 -2.54101 0.032757 2.29299 
-0.715155 -50.0609 0.291259 17.4755 0.0138997 0.972978 -0.310649 -21.7454 -0.227174 -13.6304 0.0422023 2.95416 
-0.745614 -52.193 0.281565 16.8939 0.0525222 3.67655 -0.276385 -19.3469 -0.261215 -15.6729 0.109539 7.66773 
-0.770253 -53.9177 0.269565 16.1739 0.177918 12.4543 -0.244917 -17.1442 -0.369644 -22.1787 0.219894 15.3926 
-0.789811 -55.2868 0.254585 15.2751 0.421683 29.5178 -0.222776 -15.5943 -0.398452 -23.9071 0.39332 27.5324 
-0.805155 -56.3608 0.235191 14.1115 0.607375 42.5162 -0.207374 -14.5162 -0.373196 -22.3917 0.511971 35.838 
-0.817126 -57.1988 0.210964 12.6579 0.678038 47.4627 -0.206133 -14.4293 -0.347174 -20.8304 0.63027 44.1189 
-0.82646 -57.8522 0.181 10.86 0.701817 49.1272 -0.212964 -14.9075 -0.348877 -20.9326 0.69446 48.6122 
-0.83376 -58.3632 0.144531 8.67183 0.709885 49.692 -0.178207 -12.4745 -0.310549 -18.633 0.7055 49.385 
-0.839504 -58.7653 0.101142 6.06852 0.708336 49.5835 -0.164912 -11.5438 -0.271727 -16.3036 0.706476 49.4533 
-0.844055 -59.0839 0.0510213 3.06128 0.706515 49.4561 -0.158928 -11.125 -0.224473 -13.4684 0.701856 49.1299 
-0.847693 -59.3385 -0.00484693 -0.290816 0.704362 49.3054 -0.154157 -10.791 -0.171904 -10.3143 0.701111 49.0778 
-0.850626 -59.5438 -0.0646326 -3.87795 0.701796 49.1257 -0.151026 -10.5718 -0.127406 -7.64435 0.692156 48.4509 
-0.853012 -59.7108 -0.125831 -7.54986 0.698744 48.912 -0.1482 -10.374 -0.0713889 -4.28333 0.665896 46.6127 
-0.85497 -59.8479 -0.185645 -11.1387 0.695061 48.6543 -0.146155 -10.2309 -0.0156469 -0.938813 0.6321 44.247 
-0.85659 -59.9613 -0.241474 -14.4885 0.690589 48.3413 -0.14447 -10.1129 0.038409 2.30454 0.491711 34.4198 
-0.840972 -58.868 -0.29135 -17.481 0.685122 47.9586 -0.144443 -10.111 0.0777704 4.66623 0.392736 27.4915 
-0.782527 -54.7769 -0.334181 -20.0509 0.678401 47.4881 -0.156966 -10.9876 0.138215 8.29287 0.234474 16.4132 
-0.583255 -40.8278 -0.369752 -22.1851 0.670101 46.907 -0.195836 -13.7085 0.178229 10.6938 0.205325 14.3727 
-0.313015 -21.911 -0.398526 -23.9116 0.659825 46.1878 -0.321373 -22.4961 0.214978 12.8987 0.112478 7.87348 
-0.192835 -13.4985 -0.421367 -25.282 0.646998 45.2899 -0.564115 -39.488 0.240835 14.4501 0.0878104 6.14673 
-0.158314 -11.082 -0.439286 -26.3572 0.630391 44.1274 -0.748631 -52.4042 0.258822 15.5293 0.109437 7.6606 
-0.146787 -10.2751 -0.453266 -27.196 0.609646 42.6752 -0.818821 -57.3175 0.260271 15.6163 0.131719 9.22036 
-0.146789 -10.2753 -0.464166 -27.85 0.583988 40.8792 -0.843437 -59.0406 0.252294 15.1377 0.130261 9.11825 
-0.148117 -10.3682 -0.472692 -28.3615 0.55276 38.6932 -0.850795 -59.5557 0.292884 17.573 0.16308 11.4156 
-0.149667 -10.4767 -0.479399 -28.764 0.515607 36.0925 -0.850231 -59.5162 0.308411 18.5046 0.196324 13.7426 
-0.151487 -10.6041 -0.484715 -29.0829 0.472689 33.0882 -0.848849 -59.4194 0.315399 18.9239 0.236787 16.5751 
-0.153641 -10.7549 -0.488963 -29.3378 0.42485 29.7395 -0.847072 -59.295 0.32097 19.2582 0.281801 19.726 
-0.15618 -10.9326 -0.492388 -29.5433 0.373656 26.1559 -0.844642 -59.1249 0.324627 19.4776 0.319904 22.3933 
-0.159216 -11.1451 -0.495175 -29.7105 0.321252 22.4877 -0.841611 -58.9128 0.327927 19.6756 0.367871 25.7509 
-0.162869 -11.4008 -0.497461 -29.8477 0.270034 18.9024 -0.837959 -58.6571 0.330315 19.8189 0.415602 29.0921 
-0.167292 -11.7104 -0.499353 -29.9612 0.222229 15.556 -0.833485 -58.344 0.332284 19.937 0.461889 32.3322 
-0.172675 -12.0872 -0.481114 -28.8669 0.179521 12.5664 -0.827913 -57.9539 0.332315 19.9389 0.495594 34.6916 
-0.179253 -12.5477 -0.41286 -24.7716 0.142845 9.99913 -0.821314 -57.492 0.31769 19.0614 0.547351 38.3146 
-0.187309 -13.1117 -0.180144 -10.8086 0.112386 7.867 -0.813064 -56.9145 0.272296 16.3378 0.581615 40.7131 
-0.19777 -13.8439 0.135452 8.12709 0.0877471 6.1423 -0.802772 -56.194 0.125691 7.54145 0.613083 42.9158 
-0.211002 -14.7701 0.275801 16.548 0.068189 4.77323 -0.789926 -55.2949 -0.157791 -9.46748 0.635224 44.4657 
-0.227609 -15.9326 0.316116 18.967 0.0528451 3.69915 -0.773382 -54.1368 -0.373276 -22.3965 0.650626 45.5438 
-0.248354 -17.3848 0.329577 19.7746 0.0408741 2.86119 -0.752645 -52.6851 -0.455246 -27.3148 0.651867 45.6307 
-0.274012 -19.1808 0.329575 19.7745 0.0315402 2.20781 -0.726988 -50.8892 -0.483993 -29.0396 0.645036 45.1525 
-0.30524 -21.3668 0.328024 19.6814 0.0242396 1.69677 -0.69576 -48.7032 -0.492586 -29.5551 0.679793 47.5855 
-0.342393 -23.9675 0.326214 19.5728 0.0184964 1.29475 -0.658607 -46.1025 -0.491927 -29.5156 0.693088 48.5162 
-0.385311 -26.9718 0.324088 19.4453 0.0139447 0.976132 -0.615689 -43.0982 -0.490313 -29.4188 0.699072 48.935 
-0.43315 -30.3205 0.321573 19.2944 0.0103071 0.721495 -0.56785 -39.7495 -0.488238 -29.2943 0.703843 49.269 
-0.484344 -33.9041 0.318608 19.1165 0.00737412 0.516188 -0.516656 -36.1659 -0.4854 -29.124 0.706974 49.4882 
-0.536748 -37.5723 0.315063 18.9038 0.00498824 0.349177 -0.464252 -32.4977 -0.48186 -28.9116 0.7098 49.686 
-0.587966 -41.1576 0.310796 18.6478 0.00303038 0.212126 -0.413034 -28.9124 -0.477595 -28.6557 0.711845 49.8291 
-0.635771 -44.504 0.305631 18.3379 0.00141018 0.0987123 -0.365229 -25.566 -0.472371 -28.3422 0.71353 49.9471 
-0.678479 -47.4936 0.299345 17.9607 0.017028 1.19196 -0.322521 -22.5764 -0.465863 -27.9518 0.713557 49.949 
-0.715155 -50.0609 0.291662 17.4997 0.0754728 5.2831 -0.285845 -20.0091 -0.458157 -27.4894 0.701034 49.0724 
-0.745614 -52.193 0.282254 16.9352 0.274745 19.2322 -0.255386 -17.877 -0.448522 -26.9113 0.662164 46.3515 
-0.770253 -53.9177 0.270038 16.2023 0.544985 38.149 -0.230747 -16.1523 -0.436503 -26.1902 0.536627 37.5639 
-0.789811 -55.2868 0.254585 15.2751 0.665165 46.5615 -0.211189 -14.7832 -0.421502 -25.2901 0.293885 20.572 
-0.805155 -56.3608 0.235191 14.1115 0.699686 48.978 -0.195845 -13.7092 -0.402181 -24.1308 0.109369 7.65581 
-0.817126 -57.1988 0.210964 12.6579 0.711213 49.7849 -0.183874 -12.8712 -0.377962 -22.6777 0.0391785 2.7425 
-0.82646 -57.8522 0.181 10.86 0.711211 49.7847 -0.17454 -12.2178 -0.348 -20.88 0.0145627 1.01939 
-0.83376 -58.3632 0.144531 8.67183 0.709883 49.6918 -0.16724 -11.7068 -0.311531 -18.6918 0.00720499 0.504349 
-0.839504 -58.7653 0.101142 6.06852 0.708333 49.5833 -0.161496 -11.3047 -0.268142 -16.0885 0.00776869 0.543809 
-0.844055 -59.0839 0.0510213 3.06128 0.706513 49.4559 -0.156945 -10.9861 -0.218021 -13.0813 0.00915108 0.640575 
-0.847693 -59.3385 -0.00484693 -0.290816 0.704359 49.3051 -0.153307 -10.7315 -0.162153 -9.72918 0.0109279 0.764951 
-0.850626 -59.5438 -0.0646326 -3.87795 0.70182 49.1274 -0.150374 -10.5262 -0.102367 -6.14205 0.0133584 0.93509 
-0.853012 -59.7108 -0.125831 -7.54986 0.698784 48.9149 -0.147988 -10.3592 -0.0411689 -2.47014 0.0163891 1.14724 
-0.85497 -59.8479 -0.185645 -11.1387 0.695131 48.6592 -0.14603 -10.2221 0.0186453 1.11872 0.0200415 1.4029 
-0.85659 -59.9613 -0.241474 -14.4885 0.690708 48.3496 -0.14441 -10.1087 0.0744743 4.46846 0.0245149 1.71605 
-0.8441 -59.087 -0.29135 -17.481 0.685325 47.9728 -0.160028 -11.202 0.12435 7.461 0.0300875 2.10612 
-0.805478 -56.3834 -0.334181 -20.0509 0.678747 47.5123 -0.218473 -15.2931 0.167181 10.0309 0.0366858 2.568 
-0.680082 -47.6057 -0.369752 -22.1851 0.670691 46.9483 -0.417745 -29.2422 0.202752 12.1651 0.0449358 3.14551 
-0.436317 -30.5422 -0.398526 -23.9116 0.66023 46.2161 -0.687985 -48.159 0.231526 13.8916 0.0552279 3.86596 
-0.250625 -17.5438 -0.421367 -25.282 0.646998 45.2899 -0.808165 -56.5715 0.254367 15.262 0.0680736 4.76515 
-0.179962 -12.5973 -0.439286 -26.3572 0.630391 44.1274 -0.842686 -58.988 0.272286 16.3372 0.0846177 5.92324 
-0.156183 -10.9328 -0.453266 -27.196 0.609646 42.6752 -0.854213 -59.7949 0.286266 17.176 0.105355 7.37488 
-0.148115 -10.368 -0.464166 -27.85 0.583988 40.8792 -0.854211 -59.7947 0.297166 17.83 0.131012 9.17084 
-0.149664 -10.4765 -0.472692 -28.3615 0.55276 38.6932 -0.852883 -59.7018 0.305692 18.3415 0.16224 11.3568 
-0.151485 -10.6039 -0.479399 -28.764 0.515607 36.0925 -0.851333 -59.5933 0.312399 18.744 0.199393 13.9575 
-0.153638 -10.7546 -0.484715 -29.0829 0.472689 33.0882 -0.849513 -59.4659 0.317715 19.0629 0.242311 16.9618 
-0.156183 -10.9328 -0.488963 -29.3378 0.42485 29.7395 -0.847359 -59.3151 0.321963 19.3178 0.29015 20.3105 
-0.159226 -11.1458 -0.492388 -29.5433 0.373656 26.1559 -0.84482 -59.1374 0.325388 19.5233 0.341344 23.8941 
-0.162893 -11.4025 -0.495175 -29.7105 0.321252 22.4877 -0.841784 -58.9249 0.328175 19.6905 0.393748 27.5623 
-0.167341 -11.7138 -0.497461 -29.8477 0.270034 18.9024 -0.838131 -58.6692 0.330461 19.8277 0.444966 31.1476 
-0.17277 -12.0939 -0.499353 -29.9612 0.222229 15.556 -0.833708 -58.3596 0.332353 19.9412 0.492771 34.494 
-0.179432 -12.5603 -0.484768 -29.0861 0.179521 12.5664 -0.828325 -57.9828 0.314114 18.8469 0.535479 37.4836 
-0.18764 -13.1348 -0.439663 -26.3798 0.142845 9.99913 -0.821747 -57.5223 0.24586 14.7516 0.572155 40.0509 
-0.19777 -13.8439 -0.293221 -17.5933 0.112386 7.867 -0.813691 -56.9583 0.0131438 0.788628 0.602614 42.183 
-0.211004 -14.7703 -0.00854514 -0.512708 0.0877471 6.1423 -0.80323 -56.2261 -0.302452 -18.1471 0.627253 43.9077 
