0.09 0.165465 0.112521 -1 -1 0.197376 0.2056 -1 1 
0.09 0.256194 0.112378 -1 -1 0.350008 0.369879 -1 1 
0.09 0.37051 0.0879289 -1 -1 0.478641 0.501291 -1 1 
0.09 0.494844 0.0230587 -1 -1 0.577683 0.607286 -1 1 
0.09 0.603737 -0.10098 -1 -1 0.652981 0.687952 -1 1 
0.09 0.673962 -0.295317 -1 -1 0.711646 0.755194 -1 1 
0.09 0.698216 -0.533778 -1 -1 0.765895 0.80786 -1 1 
0.09 0.682288 -0.73329 -1 -1 0.814242 0.847011 -1 1 
0.09 0.639434 -0.836927 -1 -1 0.848083 0.881878 -1 1 
0.09 0.584478 -0.872712 -1 -1 0.875623 0.904172 -1 1 
0.09 0.524579 -0.880863 -1 -1 0.901424 0.918452 -1 1 
0.09 0.459421 -0.879792 -1 -1 0.927262 0.927199 -1 1 
0.09 0.38477 -0.875404 -1 -1 0.95163 0.933856 -1 1 
0.09 0.293433 -0.869116 -1 -1 0.967519 0.939317 -1 1 
0.09 0.174346 -0.860687 -1 -1 0.977372 0.943454 -1 1 
0.09 0.0116978 -0.848853 -1 -1 0.986763 0.948785 -1 1 
0.09 -0.209658 -0.83106 -1 -1 0.998253 0.948098 -1 1 
0.09 -0.476083 -0.802955 -1 -1 1.00214 0.949523 -1 1 
0.09 -0.708076 -0.759738 -1 -1 1.00875 0.951477 -1 1 
0.09 -0.832564 -0.702618 -1 -1 1.01326 0.950716 -1 1 
0.09 -0.875298 -0.640413 -1 -1 1.01049 0.956887 -1 1 
0.09 -0.88499 -0.578528 -1 -1 1.00658 0.967586 -1 1 
0.09 -0.884307 -0.516087 -1 -1 1.0012 0.978521 -1 1 
0.09 -0.880362 -0.449249 -1 -1 0.998748 0.985898 -1 1 
0.09 -0.874948 -0.372439 -1 -1 0.995703 0.986357 -1 1 
0.09 -0.868142 -0.277691 -1 -1 0.988295 0.9846 -1 1 
0.09 -0.859225 -0.153154 -1 -1 0.981196 0.985036 -1 1 
0.09 -0.846668 0.017573 -1 -1 0.972824 0.986741 -1 1 
0.09 -0.827638 0.247927 -1 -1 0.964778 0.989992 -1 1 
0.09 -0.797517 0.51577 -1 -1 0.963636 0.99793 -1 1 
0.09 -0.75188 0.734029 -1 -1 0.969761 1.00727 -1 1 
0.09 -0.693384 0.842767 -1 -1 0.97392 1.01499 -1 1 
0.09 -0.631069 0.878027 -1 1 0.981463 1.01515 -1 1 
0.09 -0.569261 0.885271 -1 1 0.99237 1.01674 -1 1 
0.09 -0.506449 0.883847 -1 1 0.997528 1.02042 -1 1 
0.09 -0.438515 0.879629 -1 1 0.998493 1.01759 -1 1 
0.09 -0.359595 0.874025 -1 1 1.00518 1.01355 -1 1 
0.09 -0.261247 0.866964 -1 1 1.0112 1.01148 -1 1 
0.09 -0.13091 0.857623 -1 1 1.01421 1.01262 -1 1 
0.09 0.0482468 0.844316 -1 0.9375 1.01429 1.01214 -1 1 
0.09 0.287199 0.823956 -1 0.875 1.01464 1.00654 -1 1 
0.09 0.554286 0.791709 -1 0.8125 1.01322 1.00514 -1 1 
0.09 0.757261 0.743712 -1 0.75 1.01258 1.00053 -1 1 
0.09 0.851331 0.684077 1 0.6875 1.01406 1.00032 -1 1 
0.09 0.880179 0.621747 1 0.625 1.01924 1.00424 -1 1 
0.09 0.885378 0.559976 1 0.5625 1.01696 1.01071 -1 1 
0.09 0.88333 0.496698 1 0.5 1.01873 1.01043 -1 1 
0.09 0.878868 0.427537 1 0.4375 1.02151 1.00848 -1 1 
0.09 0.87307 0.346321 1 0.375 1.02279 1.00899 -1 1 
0.09 0.865737 0.244092 1 0.3125 1.02491 1.00676 -1 1 
0.09 0.855934 0.107562 1 0.25 1.02589 1.00191 -1 1 
0.09 0.841809 -0.0803418 0.953488 0.1875 1.02865 0.998822 -1 1 
0.09 0.820007 -0.327269 0.906977 0.125 1.02559 0.997109 -1 1 
0.09 0.785529 -0.591246 0.860465 0.0625 1.02787 0.989961 -1 1 
0.09 0.73527 -0.777824 0.813953 0 1.0245 0.98924 -1 1 
0.09 0.674725 -0.858464 0.767442 -0.0625 1.0193 0.990591 -1 1 
0.09 0.612448 -0.881849 0.72093 -0.125 1.01622 0.995204 -1 1 
0.09 0.55066 -0.885341 0.674419 -0.1875 1.01246 0.996145 -1 1 
0.09 0.486818 -0.882764 0.627907 -0.25 1.0106 1.00036 -1 1 
0.09 0.416292 -0.878078 0.581395 -0.3125 1.00833 1.00075 -1 1 
0.09 0.332582 -0.872082 0.534884 -0.375 1.00743 0.99782 -1 1 
0.09 0.226173 -0.864455 0.488372 -0.4375 1.0044 0.989492 -1 1 
0.09 0.0830475 -0.854151 0.44186 -0.5 1.00584 0.990022 -1 1 
0.09 -0.113858 -0.839132 0.395349 -0.5625 1.00363 0.99674 -1 1 
0.09 -0.367879 -0.815771 0.348837 -0.625 1.00141 0.99833 -1 1 
0.09 -0.62629 -0.778973 0.302326 -0.6875 0.997259 1.00246 -1 1 
0.09 -0.795828 -0.726589 0.255814 -0.75 0.988463 1.01087 -1 1 
0.09 -0.864361 -0.665349 0.209302 -0.8125 0.976141 1.01216 -1 1 
0.09 -0.883116 -0.603168 0.162791 -0.875 0.969437 1.00678 -1 1 
0.09 -0.885182 -0.541301 0.116279 -0.9375 0.965449 0.998638 -1 1 
0.09 -0.882156 -0.47679 0.0697674 -1 0.957353 0.995669 -1 1 
0.09 -0.87726 -0.404756 0.0232558 -1 0.953055 0.994147 -1 1 
0.09 -0.871058 -0.318339 -0.0232558 -1 0.956457 0.992693 -1 1 
0.09 -0.863115 -0.207435 -0.0697674 -1 0.964407 0.994206 -1 1 
0.09 -0.852264 -0.0573051 -0.116279 -1 0.968063 0.995269 -1 1 
0.09 -0.836272 0.148772 -0.162791 -1 0.969685 0.993593 -1 1 
0.09 -0.811229 0.40872 -0.209302 -1 0.969335 0.993848 -1 1 
0.09 -0.772043 0.659111 -0.255814 -1 0.971575 0.998681 -1 1 
0.09 -0.717707 0.811432 -0.302326 -1 0.979251 1.0002 -1 1 
0.09 -0.655968 0.869197 -0.348837 -0.714286 0.987579 1.00753 -1 1 
0.09 -0.593901 0.884045 -0.395349 -0.428571 0.997388 1.0107 -1 1 
0.09 -0.531885 0.884922 -0.44186 -0.142857 1.00757 1.01087 -1 1 
0.09 -0.466596 0.88151 -0.488372 0.142857 1.01158 1.01234 -1 1 
0.09 -0.392901 0.876415 -0.534884 0.428571 1.00971 1.0141 -1 1 
0.09 -0.303554 0.869996 -0.581395 0.714286 1.01386 1.00898 -1 1 
0.09 -0.18782 0.861711 -0.627907 1 1.01469 1.00673 -1 1 
0.09 -0.030277 0.850265 -0.674419 1 1.02103 0.999585 -1 1 
0.09 0.185028 0.83321 -0.72093 0.95 1.02809 0.992375 -1 1 
0.09 0.449446 0.806361 -0.767442 0.9 1.03869 0.990802 -1 1 
0.09 0.689468 0.764749 -0.813953 0.85 1.0469 0.983653 -1 1 
0.09 0.824828 0.708663 -0.860465 0.8 1.04562 0.977032 -1 1 
0.09 0.873129 0.646594 -0.75 0.75 1.04458 0.974834 -1 1 
0.09 0.884693 0.584642 -0.5 0.7 1.04345 0.970362 -1 1 
0.09 0.884576 0.522398 -0.25 0.65 1.03866 0.963815 -1 1 
0.09 0.880829 0.456216 0 0.6 1.02841 0.961637 -1 1 
0.09 0.875541 0.3807 0.25 0.55 1.02428 0.960775 -1 1 
0.09 0.868894 0.288183 0.5 0.5 1.01726 0.96625 -1 1 
0.09 0.860238 0.167269 0.75 0.45 1.01055 0.975228 -1 1 
0.09 0.848142 0.00191165 0.95 0.4 1.00062 0.981155 -1 1 
0.09 0.829931 -0.222535 0.9 0.35 0.99477 0.981565 -1 1 
0.09 0.801152 -0.489674 0.85 0.3 0.988918 0.983151 -1 1 
0.09 0.757106 -0.717199 0.8 0.25 0.990905 0.989252 -1 1 
0.09 0.699492 -0.836228 0.75 0.2 0.997074 0.988653 -1 1 
0.09 0.637237 -0.876296 0.7 0.15 1.00191 0.983297 -1 1 
0.09 0.575382 -0.885107 0.65 0.1 1.00636 0.977262 -1 1 
0.09 0.512825 -0.884158 0.6 0.05 1.00428 0.977289 -1 1 
0.09 0.445629 -0.880116 0.55 0 1.00705 0.974514 -1 1 
0.09 0.368122 -0.874638 0.5 -0.05 1.01404 0.977485 -1 1 
0.09 0.272182 -0.867747 0.45 -0.1 1.01686 0.975418 -1 1 
0.09 0.145718 -0.85869 0.4 -0.15 1.02082 0.973872 -1 1 
0.09 -0.0278335 -0.845886 0.35 -0.2 1.02057 0.977076 -1 1 
0.09 -0.261163 -0.826416 0.3 -0.25 1.01455 0.978276 -1 1 
0.09 -0.529004 -0.795586 0.25 -0.3 1.00923 0.977415 -1 1 
0.09 -0.742224 -0.749139 0.2 -0.35 0.992533 0.981872 -1 1 
0.09 -0.845849 -0.690229 0.15 -0.4 0.981778 0.985583 -1 1 
0.09 -0.878818 -0.6279 0.1 -0.45 0.968138 0.99087 -1 1 
0.09 -0.885325 -0.56611 0.05 -0.5 0.957132 0.992426 -1 1 
0.09 -0.883677 -0.503151 0 -0.55 0.945908 0.988247 -1 1 
0.09 -0.879374 -0.434814 -0.05 -0.6 0.938574 0.986489 -1 1 
0.09 -0.873704 -0.355136 -0.1 -0.65 0.92799 0.979615 -1 1 
0.09 -0.866553 -0.255502 -0.15 -0.7 0.918407 0.978905 -1 1 
0.09 -0.857059 -0.123106 -0.2 -0.75 0.917339 0.978438 -1 1 
0.09 -0.843482 0.0589888 -0.25 -0.8 0.918484 0.976679 -1 1 
0.09 -0.822646 0.300732 -0.3 -0.85 0.915042 0.976771 -1 1 
0.09 -0.789652 0.567034 -0.35 -0.9 0.917818 0.974868 -1 1 
0.09 -0.740874 0.76454 -0.4 -0.95 0.915649 0.970115 -1 1 
0.09 -0.680904 0.853904 -0.45 -0.75 0.910411 0.963946 -1 1 
0.09 -0.618586 0.880797 -0.5 -0.5 0.910855 0.959142 -1 1 
0.09 -0.556815 0.88538 -0.55 -0.25 0.913251 0.957332 -1 1 
0.09 -0.493358 0.883143 -0.6 0 0.913165 0.950718 -1 1 
0.09 -0.423749 0.878603 -0.65 0.25 0.913381 0.942529 -1 1 
0.09 -0.341708 0.872738 -0.7 0.5 0.91967 0.941962 -1 1 
0.09 -0.238094 0.865308 -0.75 0.75 0.929598 0.938954 -1 1 
0.09 -0.0993691 0.855339 -0.8 1 0.936281 0.93294 -1 1 
0.09 0.0915677 0.840919 -0.85 0.948718 0.940364 0.936124 -1 1 
0.09 0.341017 0.818602 -0.9 0.897436 0.939845 0.937936 -1 1 
0.09 0.603381 0.783344 -0.95 0.846154 0.93865 0.937839 -1 1 
0.09 0.784219 0.732346 -1 0.794872 0.941173 0.940648 -1 1 
0.09 0.860597 0.671542 -0.714286 0.74359 0.942306 0.944688 -1 1 
0.09 0.882321 0.609294 -0.428571 0.692308 0.941585 0.954197 -1 1 
0.09 0.8853 0.547486 -0.142857 0.641026 0.939714 0.966654 -1 1 
0.09 0.882562 0.483429 0.142857 0.589744 0.945377 0.974625 -1 1 
0.09 0.877803 0.412408 0.428571 0.538462 0.946454 0.983768 -1 1 
0.09 0.871738 0.327802 0.714286 0.487179 0.941978 0.993325 -1 1 
0.09 0.864007 0.219903 1 0.435897 0.93583 0.995386 -1 1 
0.09 0.853522 0.0744442 1 0.384615 0.930163 0.997975 -1 1 
0.09 0.838182 -0.125563 0.95 0.333333 0.926504 0.996207 -1 1 
0.09 0.814264 -0.381742 0.9 0.282051 0.91917 1.00023 -1 1 
0.09 0.77666 -0.637701 0.85 0.230769 0.912814 1.00849 -1 1 
0.09 0.723593 -0.801388 0.8 0.179487 0.90803 1.00805 -1 1 
0.09 0.662163 -0.866114 0.75 0.128205 0.911644 1.0136 -1 1 
0.09 0.600019 -0.883466 0.7 0.0769231 0.91007 1.01281 -1 1 
0.09 0.538109 -0.885105 0.65 0.025641 0.914054 1.01248 -1 1 
0.09 0.473347 -0.881941 0.6 -0.025641 0.922987 1.00722 -1 1 
0.09 0.400766 -0.876976 0.55 -0.0769231 0.931379 0.99832 -1 1 
0.09 0.31338 -0.870702 0.5 -0.128205 0.933932 0.992563 -1 1 
0.09 0.200874 -0.862646 0.45 -0.179487 0.934588 0.987987 -1 1 
0.09 0.0482713 -0.851598 0.4 -0.230769 0.938032 0.980185 -1 1 
0.09 -0.16094 -0.835255 0.35 -0.282051 0.938614 0.974752 -1 1 
0.09 -0.422585 -0.809613 0.3 -0.333333 0.943192 0.976839 -1 1 
0.09 -0.669709 -0.769606 0.25 -0.384615 0.946188 0.984509 -1 1 
0.09 -0.81622 -0.714651 0.2 -0.435897 0.950444 0.991157 -1 1 
0.09 -0.870627 -0.652783 0.15 -0.487179 0.954115 1.00056 -1 1 
0.09 -0.884294 -0.590756 0.1 -0.538462 0.957946 1.00384 -1 1 
0.09 -0.884814 -0.528671 0.05 -0.589744 0.957264 1.00222 -1 1 
0.09 -0.881282 -0.463092 0 -0.641026 0.952872 0.997856 -1 1 
0.09 -0.876121 -0.388797 -0.05 -0.692308 0.952156 0.994952 -1 1 
0.09 -0.869626 -0.298401 -0.1 -0.74359 0.954104 0.996831 -1 1 
0.09 -0.861219 -0.180948 -0.15 -0.794872 0.960513 0.998316 -1 1 
0.09 -0.849558 -0.0207944 -0.2 -0.846154 0.972068 1.00489 -1 1 
0.09 -0.832122 0.197633 -0.25 -0.897436 0.985751 1.00439 -1 1 
0.09 -0.804631 0.463186 -0.3 -0.948718 0.995325 0.998266 -1 1 
0.09 -0.762191 0.699188 -0.35 -1 0.996545 0.992755 -1 1 
0.09 -0.70556 0.828914 -0.4 -1 0.99824 0.987662 -1 1 
0.09 -0.643414 0.874285 -0.45 -0.75 1.00457 0.98958 -1 1 
0.09 -0.581497 0.884858 -0.5 -0.5 1.01058 0.996368 -1 1 
0.09 -0.519157 0.884442 -0.55 -0.25 1.01829 0.99879 -1 1 
0.09 -0.452644 0.88059 -0.6 0 1.01756 0.999714 -1 1 
0.09 -0.376471 0.875238 -0.65 0.25 1.0211 1.00427 -1 1 
0.09 -0.282821 0.868509 -0.7 0.5 1.02538 1.00912 -1 1 
0.09 -0.160064 0.859721 -0.75 0.75 1.03082 1.01475 -1 1 
0.09 0.0080354 0.847391 -0.8 0.95 1.03935 1.01389 -1 1 
0.09 0.235538 0.828765 -0.85 0.9 1.04229 1.01533 -1 1 
0.09 0.503154 0.799302 -0.9 0.85 1.03727 1.01829 -1 1 
0.09 0.726005 0.754435 -0.95 0.8 1.03386 1.016 -1 1 
0.09 0.839685 0.696354 -1 0.75 1.03599 1.01595 -1 1 
0.09 0.87722 0.634063 -0.75 0.7 1.04205 1.01455 -1 1 
0.09 0.885201 0.572234 -0.5 0.65 1.04646 1.01458 -1 1 
0.09 0.884001 0.509551 -0.25 0.6 1.04889 1.01187 -1 1 
0.09 0.879867 0.441982 0 0.55 1.04869 1.01525 -1 1 
0.09 0.874324 0.363759 0.25 0.5 1.05185 1.02013 -1 1 
0.09 0.867347 0.266595 0.5 0.45 1.05751 1.01704 -1 1 
0.09 0.858146 0.13816 0.75 0.4 1.05871 1.01367 -1 1 
0.09 0.845086 -0.0382569 0.95 0.35 1.06126 1.0066 -1 1 
0.09 0.825165 -0.274508 0.9 0.3 1.06316 1.00471 -1 1 
0.09 0.793612 -0.542087 0.85 0.25 1.06001 1.00747 -1 1 
0.09 0.746363 -0.750106 0.8 0.2 1.05205 1.003 -1 1 
0.09 0.687067 -0.84875 0.75 0.15 1.0416 0.996806 -1 1 
0.09 0.624734 -0.879546 0.7 0.1 1.03391 0.996159 -1 1 
0.09 0.562956 -0.885361 0.65 0.05 1.03377 0.990837 -1 1 
0.09 0.499838 -0.883501 0.6 0 1.02973 0.985176 -1 1 
0.09 0.431085 -0.879115 0.55 -0.05 1.02365 0.987156 -1 1 
0.09 0.350626 -0.87338 0.5 -0.1 1.02452 0.988769 -1 1 
0.09 0.249673 -0.866136 0.45 -0.15 1.02915 0.994403 -1 1 
0.09 0.115173 -0.856486 0.4 -0.2 1.03479 0.995001 -1 1 
0.09 -0.0698951 -0.84263 0.35 -0.25 1.03967 0.991777 -1 1 
0.09 -0.314348 -0.821304 0.3 -0.3 1.04483 0.990175 -1 1 
0.09 -0.579587 -0.787552 0.25 -0.35 1.05162 0.993999 -1 1 
0.09 -0.771515 -0.738005 0.2 -0.4 1.06169 0.993736 -1 1 
0.09 -0.85632 -0.677727 0.15 -0.45 1.06477 0.9999 -1 1 
0.09 -0.881361 -0.615427 0.1 -0.5 1.06502 1.00231 -1 1 
0.09 -0.885367 -0.553651 0.05 -0.55 1.06116 1.00827 -1 1 
0.09 -0.882951 -0.490001 0 -0.6 1.05719 1.0083 -1 1 
0.09 -0.878334 -0.419929 -0.05 -0.65 1.04945 1.00503 -1 1 
0.09 -0.872403 -0.33704 -0.1 -0.7 1.04052 0.999441 -1 1 
0.09 -0.864872 -0.232005 -0.15 -0.75 1.03401 0.99777 -1 1 
0.09 -0.854733 -0.0910391 -0.2 -0.8 1.02494 0.999629 -1 1 
0.09 -0.84001 0.102957 -0.25 -0.85 1.01327 1.00211 -1 1 
0.09 -0.817162 0.354816 -0.3 -0.9 1.01071 1.00221 -1 1 
0.09 -0.781116 0.615281 -0.35 -0.95 1.0037 1.00508 -1 1 
0.09 -0.729396 0.790324 -0.4 -1 1.00307 1.00448 -1 1 
0.09 -0.668357 0.862594 -0.45 -0.714286 1.00842 1.00567 -1 1 
0.09 -0.606142 0.882749 -0.5 -0.428571 1.01842 1.00104 -1 1 
0.09 -0.544307 0.885245 -0.55 -0.142857 1.02788 1.00374 -1 1 
0.09 -0.480023 0.882356 -0.6 0.142857 1.03136 1.0113 -1 1 
0.09 -0.408489 0.877526 -0.65 0.428571 1.0363 1.01721 -1 1 
0.09 -0.322964 0.87139 -0.7 0.714286 1.0363 1.0172 -1 1 
0.09 -0.213536 0.863552 -0.75 1 1.04119 1.01359 -1 1 
0.09 -0.0656969 0.852881 -0.8 1 1.04497 1.00575 -1 1 
0.09 0.137427 0.83721 -0.85 0.95 1.04177 0.994405 -1 1 
0.09 0.395619 0.81272 -0.9 0.9 1.03851 0.991003 -1 1 
0.09 0.648845 0.774305 -0.95 0.85 1.02977 0.99483 -1 1 
0.09 0.806679 0.720575 -1 0.8 1.01717 0.993752 -1 1 
0.09 0.867752 0.658976 -0.714286 0.75 1.0086 0.991393 -1 1 
0.09 0.88378 0.596872 -0.428571 0.7 1.00589 0.992096 -1 1 
0.09 0.885016 0.534911 -0.142857 0.65 1.00716 0.998363 -1 1 
0.09 0.881721 0.469884 0.142857 0.6 1.00655 0.998606 -1 1 
0.09 0.876689 0.396739 0.428571 0.55 1.01116 1.00323 -1 1 
0.09 0.870341 0.308357 0.714286 0.5 1.01332 1.00894 -1 1 
0.09 0.862169 0.194209 1 0.45 1.01745 1.01257 -1 1 
0.09 0.850919 0.039087 1 0.4 1.01376 1.01378 -1 1 
0.09 0.834215 -0.173261 0.95 0.35 1.01345 1.01583 -1 0.933712 
0.09 0.807958 -0.436422 0.9 0.3 1.0069 1.01948 -1 0.901292 
0.09 0.767127 -0.680014 0.85 0.25 1.00475 1.0201 -1 0.933505 
0.09 0.711578 -0.820761 0.8 0.2 1.00711 1.02469 -1 0.966978 
0.09 0.649599 -0.871958 0.75 0.15 1.01301 1.03292 -1 0.925381 
0.09 0.587611 -0.884513 0.7 0.1 1.02139 1.04207 -1 0.856245 
0.09 0.525449 -0.884696 0.65 0.05 1.02443 1.04688 -1 0.795615 
0.09 0.459566 -0.881051 0.6 0 1.02156 1.04422 -1 0.684605 
0.09 0.384652 -0.875825 0.55 -0.05 1.01812 1.04355 -1 0.617479 
0.09 0.293178 -0.869252 0.5 -0.1 1.01924 1.04777 -1 0.530033 
0.09 0.173964 -0.860719 0.45 -0.15 1.02077 1.04537 -1 0.574273 
0.09 0.0111556 -0.848837 0.4 -0.2 1.02468 1.04325 -1 0.523031 
0.09 -0.210379 -0.831008 0.35 -0.25 1.02409 1.03545 -1 0.545326 
0.09 -0.476853 -0.80286 0.3 -0.3 1.01758 1.02843 -1 0.489226 
0.09 -0.7086 -0.759594 0.25 -0.35 1.01085 1.02928 -1 0.497931 
0.09 -0.832777 -0.702444 0.2 -0.4 1.00527 1.03214 -1 0.472144 
0.09 -0.875356 -0.640235 0.15 -0.45 1.00367 1.0296 -1 0.430489 
0.09 -0.884997 -0.578352 0.1 -0.5 1.00822 1.03064 -1 0.443523 
0.09 -0.884299 -0.515905 0.05 -0.55 1.01656 1.03206 -1 0.47678 
0.09 -0.880348 -0.449047 0 -0.6 1.02699 1.03333 -1 0.578307 
0.09 -0.874931 -0.372198 -0.05 -0.65 1.03697 1.03492 -1 0.737392 
0.09 -0.86812 -0.277384 -0.1 -0.7 1.04702 1.03287 -1 0.761554 
0.09 -0.859195 -0.152741 -0.15 -0.75 1.05196 1.0334 -1 0.681453 
0.09 -0.846625 0.0181431 -0.2 -0.8 1.05203 1.03761 -1 0.569675 
0.09 -0.82757 0.248665 -0.25 -0.85 1.04553 1.046 -1 0.587117 
0.09 -0.79741 0.516515 -0.3 -0.9 1.03717 1.05443 -1 0.606752 
0.09 -0.751727 0.734496 -0.35 -0.95 1.02857 1.06193 -1 0.49568 
0.09 -0.693208 0.842945 -0.4 -1 1.01947 1.06942 -1 0.407103 
0.09 -0.630891 0.878073 -0.45 -0.75 1.00781 1.06893 -1 0.33689 
0.09 -0.569085 0.885274 -0.5 -0.5 0.993778 1.06992 -1 0.305763 
0.09 -0.506265 0.883837 -0.55 -0.25 0.978385 1.06649 -1 0.265291 
0.09 -0.438308 0.879615 -0.6 0 0.971688 1.06155 -1 0.244208 
0.09 -0.359347 0.874007 -0.65 0.25 0.952778 1.05504 -1 0.183057 
0.09 -0.260928 0.866941 -0.7 0.5 0.930334 1.04644 -1 0.140284 
0.09 -0.130476 0.857592 -0.75 0.75 0.91874 1.03933 -1 0.0762585 
0.09 0.0488439 0.84427 -0.8 0.95 0.911899 1.03 -1 0.0030448 
0.09 0.287954 0.823884 -0.85 0.9 0.90808 1.02524 -1 -0.063063 
0.09 0.555004 0.791595 -0.9 0.85 0.917279 1.019 -1 -0.12004 
0.09 0.757676 0.743554 -0.95 0.8 0.928183 1.01153 -1 -0.159172 
0.09 0.851479 0.683899 -0.75 0.75 0.872832 1.00926 -1 -0.238196 
0.09 0.880215 0.62157 -0.5 0.7 0.873857 1.01275 -1 -0.240133 
0.09 0.885379 0.559799 -0.25 0.65 0.869014 1.01284 -1 -0.323352 
0.09 0.88332 0.496512 0 0.6 0.881262 1.01114 -1 -0.408196 
0.09 0.878853 0.427326 0.25 0.55 0.89466 1.00943 -1 -0.379632 
0.09 0.873052 0.346064 0.5 0.5 0.78166 1.00475 -1 -0.484986 
0.09 0.865713 0.243758 0.75 0.45 0.812958 0.996749 -1 -0.595936 
0.09 0.855901 0.107107 1 0.4 0.847385 0.994657 -1 -0.697265 
0.09 0.84176 -0.080966 0.948718 0.35 0.87501 0.99673 -1 -0.707088 
0.09 0.81993 -0.328037 0.897436 0.3 0.90081 0.99726 -1 -0.722313 
0.09 0.785408 -0.591931 0.846154 0.25 0.814765 0.997967 -1 -0.733753 
0.09 0.735107 -0.778189 0.794872 0.2 0.747949 1.00277 -1 -0.757684 
0.09 0.674546 -0.858587 0.74359 0.15 0.710032 1.00448 -1 -0.674596 
0.09 0.612271 -0.881877 0.692308 0.1 0.749885 1.01029 -1 -0.638428 
0.09 0.550482 -0.885339 0.641026 0.05 0.788346 1.00065 -1 -0.721769 
0.09 0.486629 -0.882753 0.589744 0 0.824619 0.983496 -1 -0.814992 
0.09 0.416076 -0.878063 0.538462 -0.05 0.858364 0.968695 -1 -0.875549 
0.09 0.332316 -0.872063 0.487179 -0.1 0.887981 0.95173 -1 -0.962691 
0.09 0.225825 -0.86443 0.435897 -0.15 0.91459 0.941211 -0.987922 -1 
0.09 0.0825697 -0.854116 0.384615 -0.2 0.935877 0.931612 -1 -0.974463 
0.09 -0.114509 -0.83908 0.333333 -0.25 0.947619 0.918922 -0.985412 -1 
0.09 -0.368654 -0.815688 0.282051 -0.3 0.962996 0.911003 -0.955247 -1 
0.09 -0.626936 -0.778844 0.230769 -0.35 0.979669 0.902085 -0.97598 -1 
0.09 -0.796146 -0.726422 0.179487 -0.4 0.987478 0.888848 -0.961573 -1 
0.09 -0.864462 -0.665171 0.128205 -0.45 0.985236 0.886517 -0.933752 -1 
0.09 -0.883136 -0.602991 0.0769231 -0.5 0.987428 0.892303 -0.947314 -1 
0.09 -0.885178 -0.541122 0.025641 -0.55 0.979797 0.910297 -0.894106 -1 
0.09 -0.882144 -0.476598 -0.025641 -0.6 0.969055 0.933535 -0.887747 -1 
0.09 -0.877245 -0.404534 -0.0769231 -0.65 0.96299 0.949132 -0.829242 -1 
0.09 -0.871038 -0.318063 -0.128205 -0.7 0.95704 0.956384 -0.830583 -1 
0.09 -0.863089 -0.20707 -0.179487 -0.75 0.95629 0.963212 -0.778443 -1 
0.09 -0.852227 -0.0568033 -0.230769 -0.8 0.952269 0.968918 -0.687094 -1 
0.09 -0.836215 0.149449 -0.282051 -0.85 0.954783 0.973594 -0.676151 -1 
0.09 -0.811139 0.409497 -0.333333 -0.9 0.950127 0.97778 -0.749366 -1 
0.09 -0.771908 0.659712 -0.384615 -0.95 0.944837 0.97562 -0.809754 -1 
0.09 -0.717536 0.811707 -0.435897 -1 0.947125 0.980797 -0.875123 -1 
0.09 -0.65579 0.86928 -0.487179 -0.714286 0.95249 0.981965 -0.885717 -1 
0.09 -0.593725 0.88406 -0.538462 -0.428571 0.955483 0.984211 -0.871112 -1 
0.09 -0.531705 0.884916 -0.589744 -0.142857 0.953407 0.984325 -0.833301 -1 
0.09 -0.4664 0.881497 -0.641026 0.142857 0.94776 0.981428 -0.804311 -1 
0.09 -0.392673 0.876399 -0.692308 0.428571 0.935787 0.975139 -0.775262 -1 
0.09 -0.303267 0.869976 -0.74359 0.714286 0.9255 0.972291 -0.784584 -1 
0.09 -0.187438 0.861684 -0.794872 1 0.919421 0.971947 -0.740574 -1 
0.09 -0.0297502 0.850226 -0.846154 1 0.910419 0.973574 -0.74508 -1 
0.09 0.18573 0.83315 -0.897436 0.95 0.894852 0.974797 -0.70018 -1 
0.09 0.450217 0.806265 -0.948718 0.9 0.885267 0.974964 -0.732005 -1 
0.09 0.690021 0.764607 -1 0.85 0.876603 0.972005 -0.698372 -1 
0.09 0.825063 0.708489 -1 0.8 0.879285 0.968752 -0.730051 -1 
0.09 0.873196 0.646416 -0.75 0.75 0.877446 0.969809 -0.678209 -1 
0.09 0.884703 0.584466 -0.5 0.7 0.870967 0.971311 -0.696678 -1 
0.09 0.884569 0.522217 -0.25 0.65 0.871251 0.969841 -0.705602 -1 
0.09 0.880816 0.456016 0 0.6 0.875977 0.975138 -0.690641 -1 
0.09 0.875524 0.380464 0.25 0.55 0.879302 0.975673 -0.674237 -1 
0.09 0.868872 0.287885 0.5 0.5 0.88372 0.979797 -0.622491 -1 
0.09 0.86021 0.166868 0.75 0.45 0.887958 0.978045 -0.565448 -1 
0.09 0.848101 0.00135901 0.95 0.4 0.892127 0.971951 -0.492865 -1 
0.09 0.829867 -0.22326 0.9 0.35 0.898749 0.967073 -0.5011 -1 
0.09 0.801049 -0.490431 0.85 0.3 0.903212 0.967176 -0.369898 -1 
0.09 0.756958 -0.717701 0.8 0.25 0.921443 0.967067 -0.308759 -1 
0.09 0.699317 -0.836427 0.75 0.2 0.949788 0.962597 -0.230894 -1 
0.09 0.637059 -0.87635 0.7 0.15 0.97605 0.956163 -0.121103 -1 
0.09 0.575206 -0.885113 0.65 0.1 0.992833 0.958711 -0.15365 -1 
0.09 0.512642 -0.884149 0.6 0.05 1.00594 0.958965 -0.0699856 -1 
0.09 0.445426 -0.880102 0.55 0 1.01 0.96014 -0.128933 -1 
0.09 0.367879 -0.874621 0.5 -0.05 1.01148 0.961996 -0.192147 -1 
0.09 0.271871 -0.867725 0.45 -0.1 1.0173 0.962953 -0.171882 -1 
0.09 0.145298 -0.85866 0.4 -0.15 1.02347 0.968263 -0.223417 -1 
0.09 -0.0284128 -0.845841 0.35 -0.2 1.02892 0.967877 -0.221529 -1 
0.09 -0.261907 -0.826347 0.3 -0.25 1.03219 0.973474 -0.249311 -1 
0.09 -0.52974 -0.795476 0.25 -0.3 1.03371 0.975479 -0.263081 -1 
0.09 -0.742673 -0.748984 0.2 -0.35 1.03724 0.975254 -0.269539 -1 
0.09 -0.846016 -0.690052 0.15 -0.4 1.03657 0.973136 -0.219832 -1 
0.09 -0.87886 -0.627723 0.1 -0.45 1.02944 0.976615 -0.284382 -1 
0.09 -0.885328 -0.565933 0.05 -0.5 1.02935 0.9837 -0.263024 -1 
0.09 -0.883667 -0.502966 0 -0.55 1.02999 0.993146 -0.271831 -1 
0.09 -0.879359 -0.434606 -0.05 -0.6 1.02604 0.993837 -0.308046 -1 
0.09 -0.873686 -0.354885 -0.1 -0.65 1.02354 0.996267 -0.305865 -1 
0.09 -0.86653 -0.255178 -0.15 -0.7 1.01979 1.00124 -0.237381 -1 
0.09 -0.857028 -0.122666 -0.2 -0.75 1.0141 1.00645 -0.203519 -1 
0.09 -0.843435 0.059595 -0.25 -0.8 1.0151 1.007 -0.212624 -1 
0.09 -0.822572 0.301492 -0.3 -0.85 1.01695 1.01223 -0.273516 -1 
0.09 -0.789536 0.567742 -0.35 -0.9 1.01742 1.02043 -0.225115 -1 
0.09 -0.740714 0.764939 -0.4 -0.95 1.01796 1.02183 -0.216737 -1 
0.09 -0.680726 0.854043 -0.45 -0.75 1.01271 1.02604 -0.184436 -1 
0.09 -0.618409 0.88083 -0.5 -0.5 1.0062 1.02574 -0.207206 -1 
0.09 -0.556638 0.88538 -0.55 -0.25 1.00547 1.02806 -0.239452 -1 
0.09 -0.49317 0.883132 -0.6 0 0.964845 1.03137 -0.226426 -1 
0.09 -0.423536 0.878588 -0.65 0.25 0.928249 1.03888 -0.263973 -1 
0.09 -0.341448 0.87272 -0.7 0.5 0.900036 1.03949 -0.203436 -1 
0.09 -0.237755 0.865284 -0.75 0.75 0.88113 1.04185 -0.18808 -1 
0.09 -0.0989064 0.855306 -0.8 1 0.843512 1.04588 -0.229837 -1 
0.09 0.092201 0.840869 -0.85 0.948718 0.83945 1.04333 -0.353355 -1 
0.09 0.341788 0.818522 -0.9 0.897436 0.857992 1.03731 -0.345126 -1 
0.09 0.604053 0.783221 -0.95 0.846154 0.877993 1.02797 -0.39911 -1 
0.09 0.784568 0.732182 -1 0.794872 0.89551 1.02397 -0.346219 -1 
0.09 0.860712 0.671363 -0.714286 0.74359 0.904225 1.01687 -0.370631 -1 
0.09 0.882346 0.609117 -0.428571 0.692308 0.906532 1.01275 -0.303774 -1 
0.09 0.885297 0.547308 -0.142857 0.641026 0.910714 1.01095 -0.220653 -1 
0.09 0.882551 0.483239 0.142857 0.589744 0.915736 1.00339 -0.178454 -1 
0.09 0.877788 0.412189 0.428571 0.538462 0.918721 1.00075 -0.0845607 -1 
0.09 0.871719 0.327533 0.714286 0.487179 0.922461 0.994674 -0.0262083 -1 
0.09 0.863982 0.219549 1 0.435897 0.923979 0.993428 0.0892321 -1 
0.09 0.853486 0.0739584 1 0.384615 0.923916 0.990091 0.115621 -1 
0.09 0.838128 -0.126223 0.95 0.333333 0.924949 0.990591 0.21051 -1 
0.09 0.814178 -0.382519 0.9 0.282051 0.933185 0.993578 0.290839 -1 
0.09 0.77653 -0.638332 0.85 0.230769 0.918962 0.996264 0.278704 -1 
0.09 0.723424 -0.801691 0.8 0.179487 0.867929 1.00454 0.275042 -1 
0.09 0.661984 -0.866209 0.75 0.128205 0.889181 1.00469 0.371151 -1 
0.09 0.599843 -0.883485 0.7 0.0769231 0.906233 0.999524 0.347753 -1 
0.09 0.537931 -0.8851 0.65 0.025641 0.922491 0.996516 0.348467 -1 
0.09 0.473154 -0.881929 0.6 -0.025641 0.939401 0.9979 0.333397 -1 
0.09 0.400542 -0.87696 0.55 -0.0769231 0.9559 0.996199 0.306304 -1 
0.09 0.313101 -0.870682 0.5 -0.128205 0.973267 1.0005 0.380033 -1 
0.09 0.200503 -0.862619 0.45 -0.179487 0.981783 0.997766 0.345874 -1 
0.09 0.0477611 -0.85156 0.4 -0.230769 0.989193 0.992331 0.361828 -1 
0.09 -0.161626 -0.835198 0.35 -0.282051 1.00011 0.988345 0.365453 -1 
0.09 -0.423361 -0.809521 0.3 -0.333333 1.01392 0.982879 0.316427 -1 
0.09 -0.670293 -0.769468 0.25 -0.384615 1.01981 0.980536 0.395498 -1 
0.09 -0.81648 -0.71448 0.2 -0.435897 1.02937 0.978461 0.403165 -1 
0.09 -0.870704 -0.652604 0.15 -0.487179 1.03326 0.977705 0.444541 -1 
0.09 -0.884307 -0.59058 0.1 -0.538462 0.997127 0.981127 0.4439 -1 
0.09 -0.884807 -0.528491 0.05 -0.589744 0.954101 0.985477 0.412843 -1 
0.09 -0.881269 -0.462895 0 -0.641026 0.923662 0.986785 0.314571 -1 
0.09 -0.876105 -0.388566 -0.05 -0.692308 0.952645 0.948307 0.248581 -1 
0.09 -0.869606 -0.29811 -0.1 -0.74359 0.977557 0.955038 0.354392 -1 
0.09 -0.861191 -0.18056 -0.15 -0.794872 0.991186 0.965592 0.466742 -1 
0.09 -0.849518 -0.0202589 -0.2 -0.846154 1.00595 0.97345 0.511364 -1 
0.09 -0.83206 0.198343 -0.25 -0.897436 1.02045 0.983633 0.602097 -1 
0.09 -0.804533 0.463953 -0.3 -0.948718 1.03443 0.996048 0.604613 -1 
0.09 -0.762047 0.699723 -0.35 -1 1.04049 1.00336 0.739927 -1 
0.09 -0.705386 0.829136 -0.4 -1 1.04574 1.00527 0.753962 -1 
0.09 -0.643236 0.874347 -0.45 -0.75 1.05353 1.00862 0.772962 -1 
0.09 -0.581321 0.884866 -0.5 -0.5 1.05781 1.00678 0.821143 -1 
0.09 -0.518975 0.884434 -0.55 -0.25 1.05827 1.00165 0.801762 -1 
0.09 -0.452443 0.880577 -0.6 0 1.0535 0.993779 0.722237 -1 
0.09 -0.376233 0.875221 -0.65 0.25 1.04269 0.982161 0.715749 -1 
0.09 -0.282519 0.868488 -0.7 0.5 1.03376 0.976053 0.616293 -1 
0.09 -0.159657 0.859692 -0.75 0.75 1.03165 0.975015 0.586666 -1 
0.09 0.00859701 0.847349 -0.8 0.95 1.02595 0.979937 0.514848 -1 
0.09 0.23627 0.828698 -0.85 0.9 1.02004 0.988269 0.512328 -1 
0.09 0.503905 0.799197 -0.9 0.85 1.01191 0.997135 0.444202 -1 
0.09 0.726488 0.754285 -0.95 0.8 1.01179 1.00321 0.511943 -1 
0.09 0.839873 0.696179 -1 0.75 1.00674 1.00759 0.567912 -1 
0.09 0.877269 0.633885 -0.75 0.7 1.00322 1.00671 0.656048 -1 
0.09 0.885206 0.572058 -0.5 0.65 1.00336 1.00312 0.723557 -1 
0.09 0.883992 0.509368 -0.25 0.6 1.00925 1.00364 0.746009 -1 
0.09 0.879853 0.441777 0 0.55 1.01164 1.00197 0.777576 -1 
0.09 0.874307 0.363513 0.25 0.5 1.0154 1.00302 0.785292 -1 
0.09 0.867325 0.26628 0.5 0.45 1.01788 1.00054 0.731344 -1 
0.09 0.858115 0.137733 0.75 0.4 1.01534 1.00326 0.819569 -1 
0.09 0.845041 -0.0388453 0.95 0.35 1.01088 1.00999 0.893087 -1 
0.09 0.825094 -0.275258 0.9 0.3 1.00506 1.012 0.875073 -1 
0.09 0.7935 -0.542814 0.85 0.25 1.00481 1.01604 0.86056 -1 
0.09 0.746207 -0.750538 0.8 0.2 1.00501 1.02462 0.9703 -1 
0.09 0.68689 -0.848907 0.75 0.15 0.998971 1.02658 0.994376 -1 
0.09 0.624557 -0.879585 0.7 0.1 0.992875 1.02404 1 -1 
0.09 0.562779 -0.885362 0.65 0.05 0.994484 1.01655 1 -1 
0.09 0.499653 -0.883491 0.6 0 0.995417 1.01707 1 -1 
0.09 0.430875 -0.8791 0.55 -0.05 0.998011 1.01223 1 -1 
0.09 0.350372 -0.873362 0.5 -0.1 1.00585 1.00993 1 -1 
0.09 0.249345 -0.866113 0.45 -0.15 1.01155 1.00599 1 -1 
0.09 0.114725 -0.856453 0.4 -0.2 1.01669 1.00876 1 -1 
0.09 -0.0705106 -0.842582 0.35 -0.25 1.02325 1.00669 1 -1 
0.09 -0.315113 -0.821228 0.3 -0.3 1.01145 1.00394 1 -1 
0.09 -0.580283 -0.787433 0.25 -0.35 1.00859 1.00617 1 -1 
0.09 -0.771897 -0.737844 0.2 -0.4 1.00413 1.00661 1 -1 
0.09 -0.856451 -0.677549 0.15 -0.45 1.00139 1.01291 1 -1 
0.09 -0.881392 -0.615251 0.1 -0.5 1.00307 1.01687 1 -1 
0.09 -0.885366 -0.553474 0.05 -0.55 0.939225 0.99702 1 -1 
0.09 -0.88294 -0.489813 0 -0.6 0.909885 0.982034 1 -1 
0.09 -0.878319 -0.419714 -0.05 -0.65 0.916363 0.977036 1 -1 
0.09 -0.872384 -0.336777 -0.1 -0.7 0.928336 0.974044 1 -1 
0.09 -0.864848 -0.231662 -0.15 -0.75 0.933805 0.969578 1 -1 
0.09 -0.854699 -0.0905687 -0.2 -0.8 0.934821 0.970361 1 -1 
0.09 -0.839958 0.1036 -0.25 -0.85 0.937883 0.974153 1 -1 
0.09 -0.81708 0.35559 -0.3 -0.9 0.947135 0.975932 1 -1 
0.09 -0.78099 0.61594 -0.35 -0.95 0.951849 0.972225 1 -1 
0.09 -0.72923 0.790658 -0.4 -1 0.955518 0.976336 1 -1 
0.09 -0.668178 0.862702 -0.45 -0.714286 0.954492 0.976756 1 -1 
0.09 -0.605965 0.882772 -0.5 -0.428571 0.943893 0.97541 1 -1 
0.09 -0.544129 0.885242 -0.55 -0.142857 0.93278 0.971718 1 -1 
0.09 -0.479832 0.882344 -0.6 0.142857 0.952086 0.968951 1 -1 
0.09 -0.408268 0.87751 -0.65 0.428571 0.973856 0.965869 1 -1 
0.09 -0.322691 0.871371 -0.7 0.714286 0.994066 0.966399 1 -1 
0.09 -0.213177 0.863526 -0.75 1 1.0112 0.962873 1 -1 
0.09 -0.0652029 0.852845 -0.8 1 1.02575 0.957766 1 -1 
0.09 0.138096 0.837155 -0.85 0.95 1.03957 0.955981 1 -1 
0.09 0.396396 0.812632 -0.9 0.9 1.05299 0.956694 1 -1 
0.09 0.649461 0.774172 -0.95 0.85 1.0561 0.954985 1 -1 
0.09 0.806967 0.720405 -1 0.8 1.05982 0.952147 1 -1 
0.09 0.86784 0.658798 -0.714286 0.75 1.06432 0.94489 1 -1 
0.09 0.883797 0.596695 -0.428571 0.7 1.071 0.938532 1 -1 
0.09 0.88501 0.534732 -0.142857 0.65 1.07368 0.930997 1 -1 
0.09 0.881709 0.469689 0.142857 0.6 1.06862 0.924625 1 -1 
0.09 0.876673 0.396512 0.428571 0.55 1.05849 0.923352 1 -1 
0.09 0.870321 0.308074 0.714286 0.5 1.0538 0.925298 1 -1 
0.09 0.862142 0.193833 1 0.45 1.05245 0.934271 1 -1 
0.09 0.85088 0.0385684 1 0.4 1.04703 0.944021 1 -1 
0.09 0.834156 -0.173955 0.95 0.35 1.04751 0.946632 1 -1 
0.09 0.807865 -0.437196 0.9 0.3 1.05106 0.95136 1 -1 
0.09 0.766987 -0.680582 0.85 0.25 1.05624 0.951138 1 -1 
0.09 0.711406 -0.821008 0.8 0.2 1.05667 0.95302 1 -1 
0.09 0.64942 -0.87203 0.75 0.15 1.04964 0.954672 1 -1 
0.09 0.587435 -0.884524 0.7 0.1 1.04001 0.953838 1 -1 
0.09 0.525268 -0.884689 0.65 0.05 1.03732 0.95922 1 -1 
0.09 0.459367 -0.881038 0.6 0 1.03646 0.966819 1 -1 
0.09 0.384419 -0.875808 0.55 -0.05 1.02954 0.968804 1 -1 
0.09 0.292884 -0.869231 0.5 -0.1 1.02349 0.973494 1 -1 
0.09 0.17357 -0.86069 0.45 -0.15 1.01304 0.981203 1 -1 
0.09 0.0106114 -0.848796 0.4 -0.2 1.00335 0.99334 1 -1 
0.09 -0.211097 -0.830944 0.35 -0.25 0.998352 1.00452 1 -1 
0.09 -0.477615 -0.80276 0.3 -0.3 0.999755 1.01359 1 -1 
0.09 -0.709118 -0.759447 0.25 -0.35 1.00479 1.02406 1 -1 
0.09 -0.832987 -0.702269 0.2 -0.4 1.01102 1.02818 1 -1 
0.09 -0.875414 -0.640057 0.15 -0.45 1.00723 1.03275 1 -1 
0.09 -0.885004 -0.578176 0.1 -0.5 1.00638 1.04103 1 -1 
0.09 -0.884291 -0.515723 0.05 -0.55 1.00929 1.04108 1 -1 
0.09 -0.880335 -0.448845 0 -0.6 1.01038 1.04621 1 -1 
0.09 -0.874914 -0.371958 -0.05 -0.65 1.00518 1.05245 1 -1 
0.09 -0.868098 -0.277078 -0.1 -0.7 1.00672 1.0581 1 -1 
0.09 -0.859165 -0.152328 -0.15 -0.75 1.00773 1.0664 1 -1 
0.09 -0.846581 0.0187138 -0.2 -0.8 1.00929 1.07707 1 -1 
0.09 -0.827502 0.249403 -0.25 -0.85 1.00987 1.08112 1 -1 
0.09 -0.797303 0.517259 -0.3 -0.9 1.01638 1.08008 1 -1 
0.09 -0.751575 0.734962 -0.35 -0.95 1.02346 1.08141 1 -1 
0.09 -0.693031 0.843122 -0.4 -1 1.02878 1.07943 1 -1 
0.09 -0.630714 0.878119 -0.45 -0.75 1.03204 1.08081 1 -1 
0.09 -0.568908 0.885278 -0.5 -0.5 1.03683 1.07948 1 -1 
0.09 -0.506081 0.883828 -0.55 -0.25 1.03862 1.07344 1 -1 
0.09 -0.438102 0.879601 -0.6 0 1.03605 1.07095 1 -1 
0.09 -0.359098 0.873989 -0.65 0.25 1.03895 1.07378 1 -1 
0.09 -0.260608 0.866919 -0.7 0.5 1.04212 1.07755 1 -1 
0.09 -0.130043 0.85756 -0.75 0.75 1.04642 1.07994 1 -1 
0.09 0.0494414 0.844224 -0.8 0.95 1.05464 1.07795 1 -1 
0.09 0.28871 0.823811 -0.85 0.9 1.06468 1.07322 1 -1 
0.09 0.555722 0.791481 -0.9 0.85 1.06563 1.06308 1 -1 
0.09 0.758091 0.743396 -0.95 0.8 1.05816 1.05251 1 -1 
0.09 0.851627 0.683722 -0.75 0.75 1.03899 1.0474 1 -1 
0.09 0.880251 0.621393 -0.5 0.7 1.03225 1.03912 1 -1 
0.09 0.885379 0.559622 -0.25 0.65 1.03495 1.02644 1 -1 
0.09 0.883309 0.496325 0 0.6 1.04025 1.02002 0.945176 -1 
0.09 0.878838 0.427114 0.25 0.55 1.04414 1.02045 0.877632 -1 
0.09 0.873033 0.345807 0.5 0.5 1.04871 1.01742 0.778224 -1 
0.09 0.865689 0.243425 0.75 0.45 1.05483 1.01423 0.762102 -1 
0.09 0.855868 0.106651 1 0.4 1.06343 1.00978 0.828287 -1 
0.09 0.84171 -0.0815906 0.948718 0.35 1.06395 1.00655 0.786924 -1 
0.09 0.819852 -0.328806 0.897436 0.3 1.06662 1.00191 0.831018 -1 
0.09 0.785286 -0.592616 0.846154 0.25 1.06743 0.993279 0.877955 -1 
0.09 0.734944 -0.778554 0.794872 0.2 1.0655 0.990333 0.903657 -1 
0.09 0.674368 -0.85871 0.74359 0.15 1.06609 0.991257 0.936783 -1 
