0.010000,0.000000,265396.342661 
0.010000,0.010000,252851.318636 
0.010000,0.020000,240611.628204 
0.010000,0.030000,228677.265574 
0.010000,0.040000,217048.133544 
0.010000,0.050000,205724.197401 
0.010000,0.060000,194705.457145 
0.010000,0.070000,183991.912775 
0.010000,0.080000,173583.564291 
0.010000,0.090000,163480.411694 
0.010000,0.100000,153682.454984 
0.010000,0.110000,144189.694160 
0.010000,0.120000,135002.129223 
0.010000,0.130000,126119.760172 
0.010000,0.140000,117542.587008 
0.010000,0.150000,109270.609731 
0.010000,0.160000,101303.818388 
0.010000,0.170000,93642.103455 
0.010000,0.180000,86285.434721 
0.010000,0.190000,79233.812184 
0.010000,0.200000,72487.235845 
0.010000,0.210000,66045.705703 
0.010000,0.220000,59909.221759 
0.010000,0.230000,54077.777798 
0.010000,0.240000,48551.360467 
0.010000,0.250000,43329.969319 
0.010000,0.260000,38413.604068 
0.010000,0.270000,33802.234819 
0.010000,0.280000,29495.742102 
0.010000,0.290000,25494.080427 
0.012000,0.000000,208740.749285 
0.012000,0.010000,196825.312881 
0.012000,0.020000,185261.236572 
0.012000,0.030000,174048.520359 
0.012000,0.040000,163187.164241 
0.012000,0.050000,152677.168219 
0.012000,0.060000,142518.532292 
0.012000,0.070000,132711.256461 
0.012000,0.080000,123255.340726 
0.012000,0.090000,114150.785085 
0.012000,0.100000,105397.589541 
0.012000,0.110000,96995.739592 
0.012000,0.120000,88945.113373 
0.012000,0.130000,81245.683388 
0.012000,0.140000,73897.449638 
0.012000,0.150000,66900.412123 
0.012000,0.160000,60254.570841 
0.012000,0.170000,53959.925794 
0.012000,0.180000,48016.475400 
0.012000,0.190000,42424.200338 
0.012000,0.200000,37183.085951 
0.012000,0.210000,32293.082521 
0.012000,0.220000,27754.144358 
0.012000,0.230000,23566.138631 
0.012000,0.240000,19728.902082 
0.012000,0.250000,16241.804249 
0.012000,0.260000,13105.632394 
0.012000,0.270000,10320.386518 
0.012000,0.280000,7886.035791 
0.012000,0.290000,5802.469044 
0.014000,0.000000,167009.228178 
0.014000,0.010000,155816.102736 
0.014000,0.020000,145012.079884 
0.014000,0.030000,134597.159622 
0.014000,0.040000,124571.341951 
0.014000,0.050000,114934.626869 
0.014000,0.060000,105687.014378 
0.014000,0.070000,96828.502730 
0.014000,0.080000,88358.984046 
0.014000,0.090000,80278.394441 
0.014000,0.100000,72586.733918 
0.014000,0.110000,65284.002474 
0.014000,0.120000,58370.200112 
0.014000,0.130000,51845.326829 
0.014000,0.140000,45709.381865 
0.014000,0.150000,39962.333471 
0.014000,0.160000,34604.144643 
0.014000,0.170000,29634.776080 
0.014000,0.180000,25054.178257 
0.014000,0.190000,20862.057649 
0.014000,0.200000,17057.750653 
0.014000,0.210000,13642.066162 
0.014000,0.220000,10615.004177 
0.014000,0.230000,7976.492450 
0.014000,0.240000,5726.443073 
0.014000,0.250000,3864.844373 
0.014000,0.260000,2391.577597 
0.014000,0.270000,1306.611343 
0.014000,0.280000,609.945611 
0.014000,0.290000,301.580401 
0.016000,0.000000,135675.880759 
0.016000,0.010000,125217.993468 
0.016000,0.020000,115180.091170 
0.016000,0.030000,105562.173865 
0.016000,0.040000,96364.241548 
0.016000,0.050000,87586.202824 
0.016000,0.060000,79227.969063 
0.016000,0.070000,71289.540265 
0.016000,0.080000,63770.916431 
0.016000,0.090000,56672.097560 
0.016000,0.100000,49993.080085 
0.016000,0.110000,43733.836486 
0.016000,0.120000,37894.360690 
0.016000,0.130000,32474.626040 
0.016000,0.140000,27474.561749 
0.016000,0.150000,22894.063345 
0.016000,0.160000,18732.175515 
0.016000,0.170000,14989.691167 
0.016000,0.180000,11666.673652 
0.016000,0.190000,8763.044980 
0.016000,0.200000,6278.717176 
0.016000,0.210000,4213.679524 
0.016000,0.220000,2567.810857 
0.016000,0.230000,1341.076955 
0.016000,0.240000,533.477821 
0.016000,0.250000,145.013453 
0.016000,0.260000,175.683851 
0.016000,0.270000,625.489017 
0.016000,0.280000,1493.928949 
0.016000,0.290000,2781.319487 
0.018000,0.000000,111733.974341 
0.018000,0.010000,101984.859442 
0.018000,0.020000,92681.127905 
0.018000,0.030000,83822.649748 
0.018000,0.040000,75409.378127 
0.018000,0.050000,67441.313041 
0.018000,0.060000,59918.454491 
0.018000,0.070000,52840.790981 
0.018000,0.080000,46208.299276 
0.018000,0.090000,40020.978707 
0.018000,0.100000,34278.829126 
0.018000,0.110000,28981.800371 
0.018000,0.120000,24129.728066 
0.018000,0.130000,19721.711297 
0.018000,0.140000,15758.490255 
0.018000,0.150000,12240.108969 
0.018000,0.160000,9166.464388 
0.018000,0.170000,6537.490814 
0.018000,0.180000,4353.168963 
0.018000,0.190000,2613.372454 
0.018000,0.200000,1318.078336 
0.018000,0.210000,467.286609 
0.018000,0.220000,60.997275 
0.018000,0.230000,99.210331 
0.018000,0.240000,581.925780 
0.018000,0.250000,1508.887815 
0.018000,0.260000,2879.993114 
0.018000,0.270000,4695.311363 
0.018000,0.280000,6954.023803 
0.018000,0.290000,9656.645101 
0.020000,0.000000,93145.569531 
0.020000,0.010000,84060.894435 
0.020000,0.020000,75442.488311 
0.020000,0.030000,67290.351158 
0.020000,0.040000,59604.477951 
0.020000,0.050000,52384.843405 
0.020000,0.060000,45631.444027 
0.020000,0.070000,39344.279816 
0.020000,0.080000,33523.350772 
0.020000,0.090000,28168.599802 
0.020000,0.100000,23279.510051 
0.020000,0.110000,18855.756844 
0.020000,0.120000,14897.953223 
0.020000,0.130000,11405.991674 
0.020000,0.140000,8379.746945 
0.020000,0.150000,5819.208983 
0.020000,0.160000,3724.293748 
0.020000,0.170000,2094.915233 
0.020000,0.180000,931.073437 
0.020000,0.190000,232.768359 
0.020000,0.200000,0.000000 
0.020000,0.210000,232.768359 
0.020000,0.220000,931.073437 
0.020000,0.230000,2094.635492 
0.020000,0.240000,3723.387123 
0.020000,0.250000,5817.210869 
0.020000,0.260000,8375.321580 
0.020000,0.270000,11398.543330 
0.020000,0.280000,14885.618317 
0.020000,0.290000,18836.476442 
0.022000,0.000000,78502.649515 
0.022000,0.010000,70031.694711 
0.022000,0.020000,62044.621365 
0.022000,0.030000,54541.408611 
0.022000,0.040000,47522.055924 
0.022000,0.050000,40986.563305 
0.022000,0.060000,34934.930752 
0.022000,0.070000,29367.127624 
0.022000,0.080000,24282.648774 
0.022000,0.090000,19681.077842 
0.022000,0.100000,15563.132749 
0.022000,0.110000,11928.636638 
0.022000,0.120000,8777.453307 
0.022000,0.130000,6109.576725 
0.022000,0.140000,3924.910566 
0.022000,0.150000,2223.380809 
0.022000,0.160000,1004.987457 
0.022000,0.170000,269.730508 
0.022000,0.180000,17.609963 
0.022000,0.190000,248.625821 
0.022000,0.200000,962.778083 
0.022000,0.210000,2159.955759 
0.022000,0.220000,3839.811518 
0.022000,0.230000,6002.430497 
0.022000,0.240000,8646.847491 
0.022000,0.250000,11773.740311 
0.022000,0.260000,15382.099845 
0.022000,0.270000,19471.870667 
0.022000,0.280000,24042.178531 
0.022000,0.290000,29094.381953 
0.024000,0.000000,66815.102600 
0.024000,0.010000,58906.869623 
0.024000,0.020000,51497.384704 
0.024000,0.030000,44586.647842 
0.024000,0.040000,38174.659037 
0.024000,0.050000,32261.410057 
0.024000,0.060000,26846.770928 
0.024000,0.070000,21929.635132 
0.024000,0.080000,17510.984275 
0.024000,0.090000,13590.778477 
0.024000,0.100000,10168.771964 
0.024000,0.110000,7244.939206 
0.024000,0.120000,4819.223993 
0.024000,0.130000,2891.514603 
0.024000,0.140000,1461.807976 
0.024000,0.150000,530.104113 
0.024000,0.160000,96.403013 
0.024000,0.170000,160.704676 
0.024000,0.180000,723.009103 
0.024000,0.190000,1783.316293 
0.024000,0.200000,3341.316476 
0.024000,0.210000,5396.836904 
0.024000,0.220000,7949.504687 
0.024000,0.230000,10999.211641 
0.024000,0.240000,14545.126841 
0.024000,0.250000,18587.647443 
0.024000,0.260000,23125.353348 
0.024000,0.270000,28159.630788 
0.024000,0.280000,33690.907670 
0.024000,0.290000,39718.823402 
0.026000,0.000000,57374.839768 
0.026000,0.010000,49980.780126 
0.026000,0.020000,43098.164418 
0.026000,0.030000,36726.992644 
0.026000,0.040000,30867.212357 
0.026000,0.050000,25518.291533 
0.026000,0.060000,20679.940942 
0.026000,0.070000,16352.796904 
0.026000,0.080000,12536.705866 
0.026000,0.090000,9231.466961 
0.026000,0.100000,6437.071472 
0.026000,0.110000,4153.398369 
0.026000,0.120000,2380.405185 
0.026000,0.130000,1118.091923 
0.026000,0.140000,366.458581 
0.026000,0.150000,125.505160 
0.026000,0.160000,395.231660 
0.026000,0.170000,1175.638081 
0.026000,0.180000,2466.724422 
0.026000,0.190000,4268.066905 
0.026000,0.200000,6579.411195 
0.026000,0.210000,9400.591651 
0.026000,0.220000,12730.878264 
0.026000,0.230000,16570.602451 
0.026000,0.240000,20918.310128 
0.026000,0.250000,25774.538755 
0.026000,0.260000,31140.421396 
0.026000,0.270000,37015.958052 
0.026000,0.280000,43399.950667 
0.026000,0.290000,50292.395597 
0.028000,0.000000,49667.320805 
0.028000,0.010000,42742.594515 
0.028000,0.020000,36340.236742 
0.028000,0.030000,30460.150830 
0.028000,0.040000,25101.605464 
0.028000,0.050000,20264.810172 
0.028000,0.060000,15950.129497 
0.028000,0.070000,12157.383498 
0.028000,0.080000,8886.401947 
0.028000,0.090000,6137.152857 
0.028000,0.100000,3909.509175 
0.028000,0.110000,2203.455516 
0.028000,0.120000,1018.991880 
0.028000,0.130000,356.118267 
0.028000,0.140000,214.834678 
0.028000,0.150000,595.141112 
0.028000,0.160000,1497.037569 
0.028000,0.170000,2920.524050 
0.028000,0.180000,4865.025185 
0.028000,0.190000,7330.516059 
0.028000,0.200000,10316.685238 
0.028000,0.210000,13822.482372 
0.028000,0.220000,17848.407244 
0.028000,0.230000,22393.233599 
0.028000,0.240000,27457.879194 
0.028000,0.250000,33043.069443 
0.028000,0.260000,39148.804345 
0.028000,0.270000,45773.557131 
0.028000,0.280000,52917.955617 
0.028000,0.290000,60582.720277 
0.030000,0.000000,43313.012754 
0.030000,0.010000,36816.869905 
0.030000,0.020000,30852.463130 
0.030000,0.030000,25419.007960 
0.030000,0.040000,20516.884469 
0.030000,0.050000,16146.349828 
0.030000,0.060000,12307.235591 
0.030000,0.070000,8999.368664 
0.030000,0.080000,6222.693107 
0.030000,0.090000,3977.087392 
0.030000,0.100000,2262.543397 
0.030000,0.110000,1079.061122 
0.030000,0.120000,426.640567 
0.030000,0.130000,305.281733 
0.030000,0.140000,714.984619 
0.030000,0.150000,1655.749226 
0.030000,0.160000,3127.575553 
0.030000,0.170000,5129.873194 
0.030000,0.180000,7662.630746 
0.030000,0.190000,10725.595336 
0.030000,0.200000,14317.338452 
0.030000,0.210000,18438.643984 
0.030000,0.220000,23088.338418 
0.030000,0.230000,28267.452430 
0.030000,0.240000,33976.565826 
0.030000,0.250000,40215.678605 
0.030000,0.260000,46983.353439 
0.030000,0.270000,54280.047167 
0.030000,0.280000,62106.561950 
0.030000,0.290000,70462.897789 
0.032000,0.000000,38028.027587 
0.032000,0.010000,31923.672326 
0.032000,0.020000,26358.629431 
0.032000,0.030000,21333.188208 
0.032000,0.040000,16847.648373 
0.032000,0.050000,12901.849182 
0.032000,0.060000,9495.618794 
0.032000,0.070000,6628.872241 
0.032000,0.080000,4301.487128 
0.032000,0.090000,2513.454323 
0.032000,0.100000,1264.773826 
0.032000,0.110000,555.445638 
0.032000,0.120000,385.469758 
0.032000,0.130000,754.846186 
0.032000,0.140000,1663.574923 
0.032000,0.150000,3111.655968 
0.032000,0.160000,5098.599518 
0.032000,0.170000,7624.226915 
0.032000,0.180000,10688.529627 
0.032000,0.190000,14289.581347 
0.032000,0.200000,18428.680570 
0.032000,0.210000,23104.438910 
0.032000,0.220000,28317.821464 
0.032000,0.230000,34069.479055 
0.032000,0.240000,40359.411683 
0.032000,0.250000,47186.605313 
0.032000,0.260000,54550.705172 
0.032000,0.270000,62452.902076 
0.032000,0.280000,70893.196025 
0.032000,0.290000,79871.587019 
0.034000,0.000000,33597.160208 
0.034000,0.010000,27851.189078 
0.034000,0.020000,22652.003233 
0.034000,0.030000,18000.075072 
0.034000,0.040000,13895.230827 
0.034000,0.050000,10337.329567 
0.034000,0.060000,7326.238537 
0.034000,0.070000,4861.829966 
0.034000,0.080000,2944.086010 
0.034000,0.090000,1573.006670 
0.034000,0.100000,748.591946 
0.034000,0.110000,470.841839 
0.034000,0.120000,739.756347 
0.034000,0.130000,1555.335472 
0.034000,0.140000,2917.579212 
0.034000,0.150000,4826.186366 
0.034000,0.160000,7280.678381 
0.034000,0.170000,10281.296971 
0.034000,0.180000,13826.061406 
0.034000,0.190000,17916.163433 
0.034000,0.200000,22550.344437 
0.034000,0.210000,27729.186257 
0.034000,0.220000,33453.602175 
0.034000,0.230000,39723.592191 
0.034000,0.240000,46538.824656 
0.034000,0.250000,53897.636808 
0.034000,0.260000,61801.845537 
0.034000,0.270000,70251.450845 
0.034000,0.280000,79246.452730 
0.034000,0.290000,88786.851192 
0.036000,0.000000,29855.166334 
0.036000,0.010000,24438.228669 
0.036000,0.020000,19575.086593 
0.036000,0.030000,15265.585990 
0.036000,0.040000,11509.579798 
0.036000,0.050000,8306.922516 
0.036000,0.060000,5657.464523 
0.036000,0.070000,3561.166293 
0.036000,0.080000,2018.027825 
0.036000,0.090000,1028.049120 
0.036000,0.100000,591.230178 
0.036000,0.110000,707.570998 
0.036000,0.120000,1377.071581 
0.036000,0.130000,2599.731926 
0.036000,0.140000,4375.366343 
0.036000,0.150000,6703.506644 
0.036000,0.160000,9584.142377 
0.036000,0.170000,13016.044363 
0.036000,0.180000,16999.198408 
0.036000,0.190000,21533.686836 
0.036000,0.200000,26618.634239 
0.036000,0.210000,32255.639065 
0.036000,0.220000,38444.701312 
0.036000,0.230000,45185.820982 
0.036000,0.240000,52477.291638 
0.036000,0.250000,60320.097637 
0.036000,0.260000,68714.784114 
0.036000,0.270000,77661.351069 
0.036000,0.280000,87159.798501 
0.036000,0.290000,97210.126411 
0.038000,0.000000,26673.959725 
0.038000,0.010000,21560.345490 
0.038000,0.020000,17006.271349 
0.038000,0.030000,13011.534345 
0.038000,0.040000,9576.036923 
0.038000,0.050000,6699.589167 
0.038000,0.060000,4382.108174 
0.038000,0.070000,2623.593946 
0.038000,0.080000,1424.046482 
0.038000,0.090000,783.465782 
0.038000,0.100000,701.851846 
0.038000,0.110000,1179.204674 
0.038000,0.120000,2215.524266 
0.038000,0.130000,3810.740216 
0.038000,0.140000,5964.416240 
0.038000,0.150000,8676.334814 
0.038000,0.160000,11946.003376 
0.038000,0.170000,15772.151428 
0.038000,0.180000,20155.983880 
0.038000,0.190000,25095.895439 
0.038000,0.200000,30593.325489 
0.038000,0.210000,36648.609364 
0.038000,0.220000,43261.747064 
0.038000,0.230000,50432.136986 
0.038000,0.240000,58158.643431 
0.038000,0.250000,66442.827415 
0.038000,0.260000,75284.688936 
0.038000,0.270000,84684.227995 
0.038000,0.280000,94641.444592 
0.038000,0.290000,105156.338727 
0.040000,0.000000,23953.794681 
0.040000,0.010000,19120.026559 
0.040000,0.020000,14850.893731 
0.040000,0.030000,11146.289014 
0.040000,0.040000,8006.045207 
0.040000,0.050000,5430.002218 
0.040000,0.060000,3418.149002 
0.040000,0.070000,1970.485560 
0.040000,0.080000,1087.011891 
0.040000,0.090000,767.727997 
0.040000,0.100000,1012.633876 
0.040000,0.110000,1821.729528 
0.040000,0.120000,3195.014955 
0.040000,0.130000,5132.107749 
0.040000,0.140000,7632.850419 
0.040000,0.150000,10696.790591 
0.040000,0.160000,14322.613038 
0.040000,0.170000,18511.249139 
0.040000,0.180000,23261.584787 
0.040000,0.190000,28573.971240 
0.040000,0.200000,34449.424999 
0.040000,0.210000,40887.946062 
0.040000,0.220000,47889.534431 
0.040000,0.230000,55452.559973 
0.040000,0.240000,63577.870022 
0.040000,0.250000,72266.071812 
0.040000,0.260000,81517.165342 
0.040000,0.270000,91331.150612 
0.040000,0.280000,101708.027623 
0.040000,0.290000,112647.796375 
0.042000,0.000000,21615.290550 
0.042000,0.010000,17040.298348 
0.042000,0.020000,13034.584461 
0.042000,0.030000,9598.078591 
0.042000,0.040000,6730.544777 
0.042000,0.050000,4431.924516 
0.042000,0.060000,2702.217809 
0.042000,0.070000,1541.424655 
0.042000,0.080000,949.545056 
0.042000,0.090000,926.579010 
0.042000,0.100000,1472.526518 
0.042000,0.110000,2587.387579 
0.042000,0.120000,4270.975391 
0.042000,0.130000,6523.086494 
0.042000,0.140000,9343.214507 
0.042000,0.150000,12730.526332 
0.042000,0.160000,16684.892848 
0.042000,0.170000,21206.604806 
0.042000,0.180000,26294.293476 
0.042000,0.190000,31949.576598 
0.042000,0.200000,38172.642220 
0.042000,0.210000,44963.490344 
0.042000,0.220000,52321.873194 
0.042000,0.230000,60245.985525 
0.042000,0.240000,68737.705568 
0.042000,0.250000,77797.033325 
0.042000,0.260000,87423.968796 
0.042000,0.270000,97618.511980 
0.042000,0.280000,108380.662877 
0.042000,0.290000,119709.205530 
0.044000,0.000000,19595.046218 
0.044000,0.010000,15259.916285 
0.044000,0.020000,11498.341670 
0.044000,0.030000,8310.170632 
0.044000,0.040000,5695.213720 
0.044000,0.050000,3653.464438 
0.044000,0.060000,2184.922786 
0.044000,0.070000,1289.588766 
0.044000,0.080000,967.462376 
0.044000,0.090000,1218.543617 
0.044000,0.100000,2042.832489 
0.044000,0.110000,3440.328992 
0.044000,0.120000,5410.570186 
0.044000,0.130000,7953.571570 
0.044000,0.140000,11068.408955 
0.044000,0.150000,14754.540076 
0.044000,0.160000,19012.373930 
0.044000,0.170000,23840.907017 
0.044000,0.180000,29240.501828 
0.044000,0.190000,35212.165483 
0.044000,0.200000,41755.897979 
0.044000,0.210000,48871.699318 
0.044000,0.220000,56558.558505 
0.044000,0.230000,64816.143027 
0.044000,0.240000,73645.622426 
0.044000,0.250000,83046.996702 
0.044000,0.260000,93020.265856 
0.044000,0.270000,103565.429886 
0.044000,0.280000,114682.488793 
0.044000,0.290000,126365.587829 
0.046000,0.000000,17841.954885 
0.046000,0.010000,13729.718402 
0.046000,0.020000,10194.939457 
0.046000,0.030000,7237.373720 
0.046000,0.040000,4856.937453 
0.046000,0.050000,3053.630657 
0.046000,0.060000,1827.453330 
0.046000,0.070000,1178.405472 
0.046000,0.080000,1106.487085 
0.046000,0.090000,1611.698168 
0.046000,0.100000,2694.038720 
0.046000,0.110000,4353.303894 
0.046000,0.120000,6589.356703 
0.046000,0.130000,9401.490699 
0.046000,0.140000,12789.074266 
0.046000,0.150000,16752.234710 
0.046000,0.160000,21290.761968 
0.046000,0.170000,26403.600644 
0.046000,0.180000,32092.067463 
0.046000,0.190000,38356.517996 
0.046000,0.200000,45196.952242 
0.046000,0.210000,52613.370200 
0.046000,0.220000,60604.082239 
0.046000,0.230000,69170.067824 
0.046000,0.240000,78311.864018 
0.046000,0.250000,88029.470822 
0.046000,0.260000,98322.888235 
0.046000,0.270000,109192.116257 
0.046000,0.280000,120634.922748 
0.046000,0.290000,132647.663944 
0.048000,0.000000,16314.542801 
0.048000,0.010000,12409.914154 
0.048000,0.020000,9086.279637 
0.048000,0.030000,6343.390618 
0.048000,0.040000,4181.228513 
0.048000,0.050000,2599.793322 
0.048000,0.060000,1599.085044 
0.048000,0.070000,1179.103680 
0.048000,0.080000,1339.849230 
0.048000,0.090000,2081.321694 
0.048000,0.100000,3403.521072 
0.048000,0.110000,5306.008723 
0.048000,0.120000,7788.889519 
0.048000,0.130000,10850.967059 
0.048000,0.140000,14491.994564 
0.048000,0.150000,18712.401897 
0.048000,0.160000,23511.264730 
0.048000,0.170000,28888.281611 
0.048000,0.180000,34844.873380 
0.048000,0.190000,41381.040038 
0.048000,0.200000,48496.781583 
0.048000,0.210000,56192.072822 
0.048000,0.220000,64464.698557 
0.048000,0.230000,73316.726974 
0.048000,0.240000,82748.158072 
0.048000,0.250000,92758.991851 
0.048000,0.260000,103349.228312 
0.048000,0.270000,114518.688240 
0.048000,0.280000,126261.688823 
0.048000,0.290000,138581.651655 
0.050000,0.000000,14978.895465 
0.050000,0.010000,11268.058396 
0.050000,0.020000,8141.432124 
0.050000,0.030000,5598.845927 
0.050000,0.040000,3640.299800 
0.050000,0.050000,2265.793745 
0.050000,0.060000,1475.327762 
0.050000,0.070000,1268.901849 
0.050000,0.080000,1646.516008 
0.050000,0.090000,2608.170238 
0.050000,0.100000,4153.723804 
0.050000,0.110000,6282.919490 
0.050000,0.120000,8995.291983 
0.050000,0.130000,12290.031496 
0.050000,0.140000,16167.486570 
0.050000,0.150000,20627.133970 
0.050000,0.160000,25668.236385 
0.050000,0.170000,31291.469622 
0.050000,0.180000,37497.585281 
0.050000,0.190000,44286.583360 
0.050000,0.200000,51658.463861 
0.050000,0.210000,59612.703674 
0.050000,0.220000,68148.050877 
0.050000,0.230000,77266.109220 
0.050000,0.240000,86966.878704 
0.050000,0.250000,97250.359328 
0.050000,0.260000,108116.551093 
0.050000,0.270000,119562.974924 
0.050000,0.280000,131586.977258 
0.050000,0.290000,144192.147613 
0.052000,0.000000,13807.076774 
0.052000,0.010000,10277.494168 
0.052000,0.020000,7335.097238 
0.052000,0.030000,4979.803096 
0.052000,0.040000,3211.611742 
0.052000,0.050000,2030.523178 
0.052000,0.060000,1436.537402 
0.052000,0.070000,1429.654415 
0.052000,0.080000,2009.874216 
0.052000,0.090000,3177.196807 
0.052000,0.100000,4931.289989 
0.052000,0.110000,7272.172877 
0.052000,0.120000,10198.724305 
0.052000,0.130000,13710.697700 
0.052000,0.140000,17808.659803 
0.052000,0.150000,22491.605618 
0.052000,0.160000,27758.904863 
0.052000,0.170000,33611.870754 
0.052000,0.180000,40050.776753 
0.052000,0.190000,47075.622860 
0.052000,0.200000,54686.409076 
0.052000,0.210000,62882.173113 
0.052000,0.220000,71662.514400 
0.052000,0.230000,81028.625467 
0.052000,0.240000,90980.506315 
0.052000,0.250000,101518.156945 
0.052000,0.260000,112641.052528 
0.052000,0.270000,124345.564883 
0.052000,0.280000,136631.558070 
0.052000,0.290000,149502.469615 
0.054000,0.000000,12775.925502 
0.054000,0.010000,9416.196414 
0.054000,0.020000,6646.442706 
0.054000,0.030000,4466.632804 
0.054000,0.040000,2876.766708 
0.054000,0.050000,1876.844416 
0.054000,0.060000,1466.865931 
0.054000,0.070000,1646.831251 
0.054000,0.080000,2416.740376 
0.054000,0.090000,3776.575590 
0.054000,0.100000,5725.862195 
0.054000,0.110000,8264.549624 
0.054000,0.120000,11391.613368 
0.054000,0.130000,15106.977958 
0.054000,0.140000,19411.216882 
0.054000,0.150000,24302.858700 
0.054000,0.160000,29781.899348 
0.054000,0.170000,35849.716643 
0.054000,0.180000,42506.310584 
0.054000,0.190000,49751.681171 
0.054000,0.200000,57585.828406 
0.054000,0.210000,66007.404268 
0.054000,0.220000,75016.757512 
0.054000,0.230000,84614.718052 
0.054000,0.240000,94801.285889 
0.054000,0.250000,105576.461021 
0.054000,0.260000,116937.782194 
0.054000,0.270000,128883.771592 
0.054000,0.280000,141415.589946 
0.054000,0.290000,154533.749274 
0.056000,0.000000,11866.122019 
0.056000,0.010000,8665.868157 
0.056000,0.020000,6058.211229 
0.056000,0.030000,4043.141969 
0.056000,0.040000,2620.660377 
0.056000,0.050000,1790.766453 
0.056000,0.060000,1553.460197 
0.056000,0.070000,1908.741609 
0.056000,0.080000,2856.610689 
0.056000,0.090000,4396.897355 
0.056000,0.100000,6529.386494 
0.056000,0.110000,9253.379795 
0.056000,0.120000,12568.379955 
0.056000,0.130000,16474.679223 
0.056000,0.140000,20972.040594 
0.056000,0.150000,26059.321435 
0.056000,0.160000,31737.097701 
0.056000,0.170000,38006.290510 
0.056000,0.180000,44866.899863 
0.056000,0.190000,52318.925760 
0.056000,0.200000,60362.368202 
0.056000,0.210000,68995.541958 
0.056000,0.220000,78219.452350 
0.056000,0.230000,88034.610934 
0.056000,0.240000,98441.017708 
0.056000,0.250000,109438.529836 
0.056000,0.260000,121022.833681 
0.056000,0.270000,133195.390310 
0.056000,0.280000,145957.104366 
0.056000,0.290000,159307.077273 
0.058000,0.000000,11061.450601 
0.058000,0.010000,8011.209964 
0.058000,0.020000,5556.026195 
0.058000,0.030000,3695.897883 
0.058000,0.040000,2430.825027 
0.058000,0.050000,1760.807627 
0.058000,0.060000,1685.845683 
0.058000,0.070000,2205.939196 
0.058000,0.080000,3321.088165 
0.058000,0.090000,5030.967222 
0.058000,0.100000,7335.455072 
0.058000,0.110000,10233.709934 
0.058000,0.120000,13725.286068 
0.058000,0.130000,17810.973312 
0.058000,0.140000,22489.684793 
0.058000,0.150000,27760.808448 
0.058000,0.160000,33625.256852 
0.058000,0.170000,40083.586102 
0.058000,0.180000,47135.796199 
0.058000,0.190000,54781.887143 
0.058000,0.200000,63021.858933 
0.058000,0.210000,71853.733095 
0.058000,0.220000,81279.087365 
0.058000,0.230000,91298.155143 
0.058000,0.240000,101910.936431 
0.058000,0.250000,113115.387124 
0.058000,0.260000,124910.660666 
0.058000,0.270000,137295.922842 
0.058000,0.280000,150272.494247 
0.058000,0.290000,163840.908387 
0.060000,0.000000,10348.238891 
0.060000,0.010000,7439.360465 
0.060000,0.020000,5127.847408 
0.060000,0.030000,3413.699719 
0.060000,0.040000,2296.917399 
0.060000,0.050000,1777.500447 
0.060000,0.060000,1855.448864 
0.060000,0.070000,2530.762649 
0.060000,0.080000,3803.441803 
0.060000,0.090000,5673.004369 
0.060000,0.100000,8139.234514 
0.060000,0.110000,11201.624847 
0.060000,0.120000,14859.509654 
0.060000,0.130000,19114.058688 
0.060000,0.140000,23963.459126 
0.060000,0.150000,29407.611995 
0.060000,0.160000,35447.743067 
0.060000,0.170000,42084.061860 
0.060000,0.180000,49316.568374 
0.060000,0.190000,57145.262610 
0.060000,0.200000,65570.136270 
0.060000,0.210000,74588.982296 
0.060000,0.220000,84203.849738 
0.060000,0.230000,94414.738595 
0.060000,0.240000,105221.591141 
0.060000,0.250000,116620.517985 
0.060000,0.260000,128614.067547 
0.060000,0.270000,141199.732036 
0.060000,0.280000,154378.363522 
0.060000,0.290000,168152.202843 
0.062000,0.000000,9714.898924 
0.062000,0.010000,6939.453514 
0.062000,0.020000,4763.541295 
0.062000,0.030000,3187.162268 
0.062000,0.040000,2210.316432 
0.062000,0.050000,1833.003787 
0.062000,0.060000,2055.224334 
0.062000,0.070000,2876.978072 
0.062000,0.080000,4298.166393 
0.062000,0.090000,6318.446569 
0.062000,0.100000,8937.207861 
0.062000,0.110000,12154.157756 
0.062000,0.120000,15969.115487 
0.062000,0.130000,20382.705583 
0.062000,0.140000,25393.135355 
0.062000,0.150000,31000.558552 
0.062000,0.160000,37206.334676 
0.062000,0.170000,44010.463725 
0.062000,0.180000,51412.945700 
0.062000,0.190000,59413.780602 
0.062000,0.200000,68012.751429 
0.062000,0.210000,77208.059688 
0.062000,0.220000,87001.555612 
0.062000,0.230000,97393.239203 
0.062000,0.240000,108382.059298 
0.062000,0.250000,119965.171312 
0.062000,0.260000,132145.130438 
0.062000,0.270000,144919.342506 
0.062000,0.280000,158289.123213 
0.062000,0.290000,172256.526806 
0.064000,0.000000,9151.564400 
0.064000,0.010000,6502.265269 
0.064000,0.020000,4454.539202 
0.064000,0.030000,3008.385818 
0.064000,0.040000,2163.805116 
0.064000,0.050000,1920.797095 
0.064000,0.060000,2279.361757 
0.064000,0.070000,3239.499101 
0.064000,0.080000,4800.988911 
0.064000,0.090000,6963.559928 
0.064000,0.100000,9726.542893 
0.064000,0.110000,13089.498795 
0.064000,0.120000,17052.846800 
0.064000,0.130000,21616.477046 
0.064000,0.140000,26779.008306 
0.064000,0.150000,32540.847908 
0.064000,0.160000,38903.077701 
0.064000,0.170000,45865.697687 
0.064000,0.180000,53428.707864 
0.064000,0.190000,61592.108232 
0.064000,0.200000,70355.502912 
0.064000,0.210000,79717.444922 
0.064000,0.220000,89679.612921 
0.064000,0.230000,100241.773742 
0.064000,0.240000,111401.829972 
0.064000,0.250000,123159.618634 
0.064000,0.260000,135515.576751 
0.064000,0.270000,148467.554775 
0.064000,0.280000,162018.027470 
0.064000,0.290000,176168.157739 
0.066000,0.000000,8649.797084 
0.066000,0.010000,6119.931117 
0.066000,0.020000,4193.563946 
0.066000,0.030000,2870.692656 
0.066000,0.040000,2151.317247 
0.066000,0.050000,2035.437721 
0.066000,0.060000,2523.054076 
0.066000,0.070000,3614.166314 
0.066000,0.080000,5308.432216 
0.066000,0.090000,7605.486296 
0.066000,0.100000,10505.033531 
0.066000,0.110000,14006.207029 
0.066000,0.120000,18109.965544 
0.066000,0.130000,22815.556707 
0.066000,0.140000,28121.998482 
0.066000,0.150000,34029.933630 
0.066000,0.160000,40540.180313 
0.066000,0.170000,47652.738532 
0.066000,0.180000,55367.608286 
0.066000,0.190000,63684.789576 
0.066000,0.200000,72603.734555 
0.066000,0.210000,82123.296224 
0.066000,0.220000,92245.006292 
0.066000,0.230000,102968.199623 
0.066000,0.240000,114290.399391 
0.066000,0.250000,126213.392264 
0.066000,0.260000,138735.809243 
0.066000,0.270000,151855.908008 
0.066000,0.280000,165577.260245 
0.066000,0.290000,179900.189111 
0.068000,0.000000,8202.345892 
0.068000,0.010000,5785.717546 
0.068000,0.020000,3974.409645 
0.068000,0.030000,2768.415447 
0.068000,0.040000,2167.734621 
0.068000,0.050000,2172.367168 
0.068000,0.060000,2782.313087 
0.068000,0.070000,3997.572379 
0.068000,0.080000,5817.681182 
0.068000,0.090000,8242.177852 
0.068000,0.100000,11271.030710 
0.068000,0.110000,14903.306962 
0.068000,0.120000,19140.129422 
0.068000,0.130000,23980.245609 
0.068000,0.140000,29423.060146 
0.068000,0.150000,35469.434262 
0.068000,0.160000,42119.935893 
0.068000,0.170000,49374.565042 
0.068000,0.180000,57233.321706 
0.068000,0.190000,65696.205887 
0.068000,0.200000,74762.542040 
0.068000,0.210000,84431.436645 
0.068000,0.220000,94703.972002 
0.068000,0.230000,105580.018854 
0.068000,0.240000,117055.832874 
0.068000,0.250000,129135.326768 
0.068000,0.260000,141814.971988 
0.068000,0.270000,155094.801119 
0.068000,0.280000,168978.020839 
0.068000,0.290000,183464.631148 
0.070000,0.000000,7802.955904 
0.070000,0.010000,5493.837547 
0.070000,0.020000,3791.763431 
0.070000,0.030000,2696.726304 
0.070000,0.040000,2208.723667 
0.070000,0.050000,2327.755520 
0.070000,0.060000,3053.821863 
0.070000,0.070000,4386.866930 
0.070000,0.080000,6326.473456 
0.070000,0.090000,8871.914645 
0.070000,0.100000,12023.350462 
0.070000,0.110000,15780.188602 
0.070000,0.120000,20143.278744 
0.070000,0.130000,25111.079488 
0.070000,0.140000,30683.315072 
0.070000,0.150000,36861.067448 
0.070000,0.160000,43644.667273 
0.070000,0.170000,51034.114548 
0.070000,0.180000,59029.409271 
0.070000,0.190000,67630.551444 
0.070000,0.200000,76836.759669 
0.070000,0.210000,86647.352014 
0.070000,0.220000,97062.900015 
0.070000,0.230000,108083.089048 
0.070000,0.240000,119705.623578 
0.070000,0.250000,131933.603755 
0.070000,0.260000,144762.132680 
0.070000,0.270000,158193.814971 
0.070000,0.280000,172230.606008 
0.070000,0.290000,186872.505792 
0.072000,0.000000,7446.211235 
0.072000,0.010000,5239.296682 
0.072000,0.020000,3641.060325 
0.072000,0.030000,2651.497955 
0.072000,0.040000,2270.603153 
0.072000,0.050000,2498.375850 
0.072000,0.060000,3334.816047 
0.072000,0.070000,4779.774708 
0.072000,0.080000,6832.831738 
0.072000,0.090000,9493.371313 
0.072000,0.100000,12761.303513 
0.072000,0.110000,16636.525911 
0.072000,0.120000,21119.422252 
0.072000,0.130000,26208.763323 
0.072000,0.140000,31903.995384 
0.072000,0.150000,38206.601240 
0.072000,0.160000,45116.686676 
0.072000,0.170000,52634.251692 
0.072000,0.180000,60759.296286 
0.072000,0.190000,69491.820461 
0.072000,0.200000,78830.956614 
0.072000,0.210000,88775.860651 
0.072000,0.220000,99327.614486 
0.072000,0.230000,110484.735115 
0.072000,0.240000,122246.727892 
0.072000,0.250000,134615.597842 
0.072000,0.260000,147585.809963 
0.072000,0.270000,161161.778974 
0.072000,0.280000,175344.487314 
0.072000,0.290000,190133.934983 
0.074000,0.000000,7127.405644 
0.074000,0.010000,5017.770092 
0.074000,0.020000,3518.365469 
0.074000,0.030000,2629.190393 
0.074000,0.040000,2350.236477 
0.074000,0.050000,2681.502305 
0.074000,0.060000,3622.987878 
0.074000,0.070000,5174.451019 
0.074000,0.080000,7335.386446 
0.074000,0.090000,10105.539864 
0.074000,0.100000,13484.329508 
0.074000,0.110000,17472.212836 
0.074000,0.120000,22069.117403 
0.074000,0.130000,27274.013958 
0.074000,0.140000,33086.400518 
0.074000,0.150000,39507.818310 
0.074000,0.160000,46538.267335 
0.074000,0.170000,54177.747593 
0.074000,0.180000,62426.259084 
0.074000,0.190000,71283.801808 
0.074000,0.200000,80749.439611 
0.074000,0.210000,90822.088870 
0.074000,0.220000,101503.484023 
0.074000,0.230000,112790.911031 
0.074000,0.240000,124685.601602 
0.074000,0.250000,137188.243066 
0.074000,0.260000,150293.574317 
0.074000,0.270000,164006.833875 
0.074000,0.280000,178328.383076 
0.074000,0.290000,193258.221922 
0.076000,0.000000,6842.435618 
0.076000,0.010000,4825.500288 
0.076000,0.020000,3420.274410 
0.076000,0.030000,2626.757887 
0.076000,0.040000,2444.943565 
0.076000,0.050000,2874.827015 
0.076000,0.060000,3916.408238 
0.076000,0.070000,5569.352405 
0.076000,0.080000,7833.069398 
0.076000,0.090000,10707.667902 
0.076000,0.100000,14192.081044 
0.076000,0.110000,18287.312965 
0.076000,0.120000,22992.845156 
0.076000,0.130000,28307.748861 
0.076000,0.140000,34231.864901 
0.076000,0.150000,40766.489878 
0.076000,0.160000,47911.623793 
0.076000,0.170000,55667.266646 
0.076000,0.180000,64033.418437 
0.076000,0.190000,73010.079166 
0.076000,0.200000,82595.987821 
0.076000,0.210000,92790.603165 
0.076000,0.220000,103595.518570 
0.076000,0.230000,115007.112536 
0.076000,0.240000,127028.235589 
0.076000,0.250000,139658.119938 
0.076000,0.260000,152892.421999 
0.076000,0.270000,166736.490265 
0.076000,0.280000,181190.324736 
0.076000,0.290000,196253.925412 
0.078000,0.000000,6587.711594 
0.078000,0.010000,4659.212319 
0.078000,0.020000,3343.832657 
0.078000,0.030000,2641.572609 
0.078000,0.040000,2552.428459 
0.078000,0.050000,3076.392035 
0.078000,0.060000,4213.463046 
0.078000,0.070000,5963.214788 
0.078000,0.080000,8324.972909 
0.078000,0.090000,11299.078078 
0.078000,0.100000,14884.378992 
0.078000,0.110000,19082.019833 
0.078000,0.120000,23891.177389 
0.078000,0.130000,29311.029213 
0.078000,0.140000,35341.733832 
0.078000,0.150000,41984.356982 
0.078000,0.160000,49238.898663 
0.078000,0.170000,57105.358875 
0.078000,0.180000,65583.737618 
0.078000,0.190000,74674.034891 
0.078000,0.200000,84374.598473 
0.078000,0.210000,94685.640244 
0.078000,0.220000,105608.227515 
0.078000,0.230000,117138.452177 
0.078000,0.240000,129280.190295 
0.078000,0.250000,142031.137131 
0.078000,0.260000,155388.822476 
0.078000,0.270000,169357.682656 
0.078000,0.280000,183937.717669 
0.078000,0.290000,199128.927515 
0.080000,0.000000,6360.083939 
0.080000,0.010000,4516.043167 
0.080000,0.020000,3286.469060 
0.080000,0.030000,2671.361618 
0.080000,0.040000,2670.719545 
0.080000,0.050000,3284.533357 
0.080000,0.060000,4512.794531 
0.080000,0.070000,6355.005339 
0.080000,0.080000,8810.388219 
0.080000,0.090000,11879.427002 
0.080000,0.100000,15561.176818 
0.080000,0.110000,19856.625565 
0.080000,0.120000,24764.741258 
0.080000,0.130000,30284.839196 
0.080000,0.140000,36417.345612 
0.080000,0.150000,43163.117274 
0.080000,0.160000,50522.154182 
0.080000,0.170000,58494.456334 
0.080000,0.180000,67080.023733 
0.080000,0.190000,76278.717496 
0.080000,0.200000,86088.920240 
0.080000,0.210000,96511.162586 
0.080000,0.220000,107545.604291 
0.080000,0.230000,119189.686611 
0.080000,0.240000,131446.628493 
0.080000,0.250000,144313.226359 
0.080000,0.260000,157788.762382 
0.080000,0.270000,171876.819156 
0.080000,0.280000,186577.396680 
0.080000,0.290000,201890.494954 
0.082000,0.000000,6156.780936 
0.082000,0.010000,4393.482750 
0.082000,0.020000,3245.939888 
0.082000,0.030000,2714.152349 
0.082000,0.040000,2798.120004 
0.082000,0.050000,3497.834669 
0.082000,0.060000,4813.214516 
0.082000,0.070000,6743.745904 
0.082000,0.080000,9288.769633 
0.082000,0.090000,12448.554291 
0.082000,0.100000,16222.532032 
0.082000,0.110000,20611.375226 
0.082000,0.120000,25614.181016 
0.082000,0.130000,31230.174720 
0.082000,0.140000,37460.018464 
0.082000,0.150000,44304.415994 
0.082000,0.160000,51763.367311 
0.082000,0.170000,59836.872415 
0.082000,0.180000,68524.931305 
0.082000,0.190000,77827.079108 
0.082000,0.200000,87742.303072 
0.082000,0.210000,98270.875297 
0.082000,0.220000,109412.286866 
0.082000,0.230000,121165.242703 
0.082000,0.240000,133532.346105 
0.082000,0.250000,146509.553751 
0.082000,0.260000,160097.786014 
0.082000,0.270000,174299.826925 
0.082000,0.280000,189115.676483 
0.082000,0.290000,204545.334688 
0.084000,0.000000,5975.356641 
0.084000,0.010000,4289.324399 
0.084000,0.020000,3220.282003 
0.084000,0.030000,2768.229452 
0.084000,0.040000,2933.166747 
0.084000,0.050000,3715.089005 
0.084000,0.060000,5113.840465 
0.084000,0.070000,7128.840394 
0.084000,0.080000,9759.705247 
0.084000,0.090000,13006.335688 
0.084000,0.100000,16868.583288 
0.084000,0.110000,21346.768205 
0.084000,0.120000,26440.249452 
0.084000,0.130000,32148.030550 
0.084000,0.140000,38471.041120 
0.084000,0.150000,45409.840087 
0.084000,0.160000,52964.427450 
0.084000,0.170000,61134.803210 
0.084000,0.180000,69920.967367 
0.084000,0.190000,79322.126403 
0.084000,0.200000,89337.887756 
0.084000,0.210000,99968.242748 
0.084000,0.220000,111212.065090 
0.084000,0.230000,123069.242175 
0.084000,0.240000,135541.800966 
0.084000,0.250000,148624.914115 
0.084000,0.260000,162321.032494 
0.084000,0.270000,176632.193629 
0.084000,0.280000,191558.397519 
0.084000,0.290000,207099.644166 
0.086000,0.000000,5813.646859 
0.086000,0.010000,4201.623151 
0.086000,0.020000,3207.773520 
0.086000,0.030000,2832.097965 
0.086000,0.040000,3074.596488 
0.086000,0.050000,3935.266833 
0.086000,0.060000,5413.881459 
0.086000,0.070000,7509.793503 
0.086000,0.080000,10222.892981 
0.086000,0.090000,13552.719031 
0.086000,0.100000,17499.531988 
0.086000,0.110000,22063.309412 
0.086000,0.120000,27243.666092 
0.086000,0.130000,33039.390674 
0.086000,0.140000,39451.666224 
0.086000,0.150000,46480.914683 
0.086000,0.160000,54127.136051 
0.086000,0.170000,62390.330329 
0.086000,0.180000,71270.254882 
0.086000,0.190000,80766.513142 
0.086000,0.200000,90878.618625 
0.086000,0.210000,101606.504688 
0.086000,0.220000,112948.475741 
0.086000,0.230000,124905.524717 
0.086000,0.240000,137479.139503 
0.086000,0.250000,150663.761251 
0.086000,0.260000,164463.269768 
0.086000,0.270000,178879.005184 
0.086000,0.280000,193910.967499 
0.086000,0.290000,209559.156714 
0.088000,0.000000,5669.731836 
0.088000,0.010000,4128.660472 
0.088000,0.020000,3206.900611 
0.088000,0.030000,2904.452253 
0.088000,0.040000,3221.315398 
0.088000,0.050000,4157.489401 
0.088000,0.060000,5712.677509 
0.088000,0.070000,7886.167786 
0.088000,0.080000,10678.120906 
0.088000,0.090000,14087.721371 
0.088000,0.100000,18115.627500 
0.088000,0.110000,22761.483773 
0.088000,0.120000,28025.154869 
0.088000,0.130000,33905.221194 
0.088000,0.140000,40403.105867 
0.088000,0.150000,47519.101338 
0.088000,0.160000,55253.207605 
0.088000,0.170000,63605.424670 
0.088000,0.180000,72575.207996 
0.088000,0.190000,82162.733795 
0.088000,0.200000,92367.255995 
0.088000,0.210000,103188.691671 
0.088000,0.220000,114624.820981 
0.088000,0.230000,126677.669512 
0.088000,0.240000,139348.145098 
0.088000,0.250000,152630.235768 
0.088000,0.260000,166528.925641 
0.088000,0.270000,181044.980056 
0.088000,0.280000,196178.399014 
0.088000,0.290000,211929.182513 
0.090000,0.000000,5541.904530 
0.090000,0.010000,4068.914328 
0.090000,0.020000,3216.329416 
0.090000,0.030000,2984.149792 
0.090000,0.040000,3372.375458 
0.090000,0.050000,4381.006401 
0.090000,0.060000,6009.679225 
0.090000,0.070000,8257.618206 
0.090000,0.080000,11125.183591 
0.090000,0.090000,14611.414907 
0.090000,0.100000,18717.155264 
0.090000,0.110000,23441.792891 
0.090000,0.120000,28785.436687 
0.090000,0.130000,34746.465181 
0.090000,0.140000,41326.528773 
0.090000,0.150000,48525.797581 
0.090000,0.160000,56344.271604 
0.090000,0.170000,64781.950843 
0.090000,0.180000,73837.987011 
0.090000,0.190000,83513.132976 
0.090000,0.200000,93806.388168 
0.090000,0.210000,104717.639676 
0.090000,0.220000,116244.185619 
0.090000,0.230000,128389.015204 
0.090000,0.240000,141152.213833 
0.090000,0.250000,154528.190563 
0.090000,0.260000,168522.116078 
0.090000,0.270000,183134.500422 
0.090000,0.280000,198365.343595 
0.090000,0.290000,214214.645598 
0.092000,0.000000,5428.643538 
0.092000,0.010000,4021.033698 
0.092000,0.020000,3234.882175 
0.092000,0.030000,3070.188969 
0.092000,0.040000,3526.954080 
0.092000,0.050000,4605.177508 
0.092000,0.060000,6304.430816 
0.092000,0.070000,8623.876941 
0.092000,0.080000,11563.991442 
0.092000,0.090000,15123.915517 
0.092000,0.100000,19304.427227 
0.092000,0.110000,24104.747429 
0.092000,0.120000,29525.223784 
0.092000,0.130000,35564.039046 
0.092000,0.140000,42223.058720 
0.092000,0.150000,49502.337428 
0.092000,0.160000,57401.875170 
0.092000,0.170000,65921.430549 
0.092000,0.180000,75060.574159 
0.092000,0.190000,84819.914654 
0.092000,0.200000,95198.442897 
0.092000,0.210000,106196.003866 
0.092000,0.220000,117809.453209 
0.092000,0.230000,130042.678357 
0.092000,0.240000,142894.996774 
0.092000,0.250000,156361.214118 
0.092000,0.260000,170446.670969 
0.092000,0.270000,185151.640444 
0.092000,0.280000,200476.122542 
0.092000,0.290000,216420.117264 
0.094000,0.000000,5328.589909 
0.094000,0.010000,3983.816797 
0.094000,0.020000,3261.516898 
0.094000,0.030000,3161.690213 
0.094000,0.040000,3684.336742 
0.094000,0.050000,4829.456484 
0.094000,0.060000,6596.555824 
0.094000,0.070000,8984.740716 
0.094000,0.080000,11994.600302 
0.094000,0.090000,15625.373376 
0.094000,0.100000,19877.774150 
0.094000,0.110000,24750.861138 
0.094000,0.120000,30245.161164 
0.094000,0.130000,36358.830099 
0.094000,0.140000,43093.773905 
0.094000,0.150000,50449.992582 
0.094000,0.160000,58427.486131 
0.094000,0.170000,67025.735708 
0.094000,0.180000,76244.837640 
0.094000,0.190000,86085.151024 
0.094000,0.200000,96545.698247 
0.094000,0.210000,107625.938184 
0.094000,0.220000,119323.320984 
0.094000,0.230000,131641.570481 
0.094000,0.240000,144579.621005 
0.094000,0.250000,158132.651781 
0.094000,0.260000,172306.157595 
0.094000,0.270000,187100.191944 
0.094000,0.280000,202514.754829 
0.094000,0.290000,218549.846249 
0.096000,0.000000,5240.527242 
0.096000,0.010000,3956.192421 
0.096000,0.020000,3295.309981 
0.096000,0.030000,3257.879922 
0.096000,0.040000,3843.902244 
0.096000,0.050000,5053.330540 
0.096000,0.060000,6885.630196 
0.096000,0.070000,9340.060224 
0.096000,0.080000,12417.022725 
0.096000,0.090000,16115.965290 
0.096000,0.100000,20437.426017 
0.096000,0.110000,25380.646201 
0.096000,0.120000,30945.938131 
0.096000,0.130000,37131.695011 
0.096000,0.140000,43939.707010 
0.096000,0.150000,51369.974128 
0.096000,0.160000,59422.496366 
0.096000,0.170000,68096.476197 
0.096000,0.180000,77392.538362 
0.096000,0.190000,87310.790978 
0.096000,0.200000,97850.292820 
0.096000,0.210000,109010.060466 
0.096000,0.220000,120788.313681 
0.096000,0.230000,133188.413696 
0.096000,0.240000,146208.857369 
0.096000,0.250000,159845.625197 
0.096000,0.260000,174103.901975 
0.096000,0.270000,188983.687703 
0.096000,0.280000,204484.982382 
0.096000,0.290000,220607.786011 
0.098000,0.000000,5163.364531 
0.098000,0.010000,3937.203909 
0.098000,0.020000,3335.441305 
0.098000,0.030000,3358.076720 
0.098000,0.040000,4005.110153 
0.098000,0.050000,5276.442169 
0.098000,0.060000,7171.499297 
0.098000,0.070000,9689.731274 
0.098000,0.080000,12831.304099 
0.098000,0.090000,16595.888425 
0.098000,0.100000,20983.837009 
0.098000,0.110000,25994.609640 
0.098000,0.120000,31628.274155 
0.098000,0.130000,37883.458990 
0.098000,0.140000,44761.845793 
0.098000,0.150000,52263.434565 
0.098000,0.160000,60388.081242 
0.098000,0.170000,69135.140804 
0.098000,0.180000,78505.336439 
0.098000,0.190000,88498.668149 
0.098000,0.200000,99114.235347 
0.098000,0.210000,110350.631049 
0.098000,0.220000,122206.796324 
0.098000,0.230000,134685.755145 
0.098000,0.240000,147785.547826 
0.098000,0.250000,161503.050036 
0.098000,0.260000,175843.008299 
0.098000,0.270000,190805.422615 
0.098000,0.280000,206390.292983 
0.098000,0.290000,222597.619403 
